     0/499     1.35G   0.06954  0.005655         0    0.0752         8       256    0.1072    0.1985   0.06312   0.01106    0.1021  0.006583         0
     1/499     1.59G   0.06253  0.006295         0   0.06882        16       256    0.1586    0.2279   0.08501   0.01408   0.08896  0.006829         0
     2/499     1.59G   0.05698  0.006293         0   0.06327         6       256    0.2655    0.3235    0.1755   0.03817   0.08975  0.006561         0
     3/499     1.59G   0.05355  0.005655         0    0.0592         7       256    0.2998    0.4706    0.2566   0.06191    0.1008  0.005531         0
     4/499     1.59G   0.05039  0.005448         0   0.05584        10       256    0.2799    0.3676    0.2063   0.04487   0.09082  0.006153         0
     5/499     1.59G   0.04745  0.005223         0   0.05268        16       256    0.5857    0.4886    0.3928    0.1398   0.09568  0.005826         0
     6/499     1.59G   0.04539  0.005688         0   0.05108        11       256    0.5525    0.5719     0.415    0.1348   0.08728  0.005689         0
     7/499     1.59G   0.04438  0.005318         0    0.0497         4       256    0.3261     0.375    0.1896   0.04791   0.09199  0.005692         0
     8/499     1.59G   0.04472  0.005575         0   0.05029         5       256    0.4565    0.4926    0.3005     0.079   0.09365  0.006147         0
     9/499     1.59G   0.04568  0.005046         0   0.05073         5       256    0.6282    0.5515    0.3993    0.1278   0.09345  0.005831         0
    10/499     1.59G   0.04683  0.004997         0   0.05182         8       256    0.6348    0.5515    0.4592    0.1394    0.0857  0.006064         0
    11/499     1.59G   0.04426  0.005016         0   0.04927         7       256    0.6546    0.5588    0.4718    0.1385   0.08669  0.006091         0
    12/499     1.59G   0.04625  0.005019         0   0.05127        10       256    0.6366     0.528    0.4287    0.1299   0.07859   0.00634         0
    13/499     1.59G   0.04072  0.004705         0   0.04543         5       256    0.1424    0.2574   0.07933   0.02099   0.08845  0.007415         0
    14/499     1.59G   0.04734  0.005313         0   0.05265         9       256    0.5065    0.4853      0.36    0.1258   0.09025  0.006102         0
    15/499     1.59G    0.0403  0.005299         0    0.0456         8       256    0.5361    0.5294    0.3701    0.1279    0.0937  0.006024         0
    16/499     1.59G   0.03948  0.005018         0   0.04449        10       256    0.4997    0.5294    0.3898    0.1272   0.09065  0.006276         0
    17/499     1.59G   0.04051  0.004805         0   0.04531        10       256    0.6245    0.5515    0.4421    0.1478   0.08729  0.006555         0
    18/499     1.59G   0.03864  0.004681         0   0.04332         5       256    0.7007    0.5509    0.4833    0.1831   0.08867   0.00706         0
    19/499     1.59G   0.03514  0.004442         0   0.03958         8       256    0.6451     0.588    0.4706    0.1521   0.09308  0.006527         0
    20/499     1.59G   0.03913  0.004309         0   0.04344        10       256    0.6723    0.5735     0.438    0.1816   0.09217  0.006528         0
    21/499     1.59G    0.0346  0.004209         0   0.03881         6       256    0.6638    0.5809    0.4862    0.1699   0.08733   0.00683         0
    22/499     1.59G   0.03413  0.004309         0   0.03844         7       256    0.6241    0.4779    0.3702    0.1221   0.08768  0.006893         0
    23/499     1.59G    0.0361  0.004095         0    0.0402        10       256    0.6517    0.5642    0.4227    0.1679   0.07648  0.006985         0
    24/499     1.59G   0.03405  0.004094         0   0.03814         8       256    0.6304    0.5662     0.478    0.1721   0.07567   0.00712         0
    25/499     1.59G   0.03498  0.004017         0     0.039         9       256    0.6579    0.5809    0.4891    0.1822   0.07705  0.007059         0
    26/499     1.59G   0.03565  0.004044         0   0.03969         7       256    0.6488    0.5441    0.4625    0.1665    0.0777  0.006851         0
    27/499     1.59G   0.03648  0.003809         0   0.04029         6       256    0.6872    0.5662    0.4742    0.1853   0.07844  0.006857         0
    28/499     1.59G   0.03771  0.003847         0   0.04156         9       256    0.7234    0.5588    0.4776    0.1993   0.07761  0.007005         0
    29/499     1.59G   0.03306  0.003781         0   0.03684        10       256    0.6696    0.5513    0.4898    0.1899    0.0787  0.007205         0
    30/499     1.59G   0.03323  0.003823         0   0.03705         7       256    0.7643    0.5294    0.5219    0.2024   0.07876  0.007246         0
    31/499     1.59G   0.03517  0.003707         0   0.03887         9       256    0.7474    0.5658    0.5306    0.2007   0.07748  0.007402         0
    32/499     1.59G   0.03576  0.003695         0   0.03945         5       256    0.8037    0.5441    0.5287    0.2004   0.07699  0.007384         0
    33/499     1.59G   0.03373  0.003625         0   0.03736        11       256    0.6991    0.5515    0.5016    0.1979   0.07828  0.007316         0
    34/499     1.59G   0.03328  0.003626         0   0.03691         5       256    0.7102    0.5588    0.4834     0.189   0.07851  0.007281         0
    35/499     1.59G    0.0278  0.003777         0   0.03158        12       256    0.6569    0.5662    0.4386    0.1541   0.07873  0.007575         0
    36/499     1.59G   0.03294  0.003666         0   0.03661        10       256    0.6778    0.5735     0.485    0.1981   0.07605  0.007768         0
    37/499     1.59G   0.03678  0.003437         0   0.04022         9       256    0.6745    0.5662    0.4658    0.1793   0.07597  0.008102         0
    38/499     1.59G   0.03188  0.003594         0   0.03547        12       256    0.6497    0.5728    0.4721    0.1796   0.07527  0.008346         0
    39/499     1.59G   0.03324  0.003583         0   0.03683         8       256    0.6516    0.5515    0.4588     0.173   0.07673  0.008046         0
    40/499     1.59G   0.02778    0.0034         0   0.03118         6       256    0.6574    0.5588     0.486    0.1815    0.0764  0.007839         0
    41/499     1.59G    0.0307  0.003429         0   0.03413         6       256    0.6091    0.5735    0.4671    0.1782   0.07554   0.00794         0
    42/499     1.59G   0.02733  0.003374         0   0.03071        13       256    0.6674    0.5809    0.4925     0.177   0.07612  0.008393         0
    43/499     1.59G   0.03359  0.003331         0   0.03692         8       256    0.7248    0.5809    0.4949    0.2046   0.07538  0.008577         0
    44/499     1.59G   0.02857  0.003328         0    0.0319         9       256    0.6841    0.5732    0.4595    0.1806   0.07548  0.008736         0
    45/499     1.59G   0.03049  0.003347         0   0.03383        12       256    0.7104    0.5809    0.4811    0.1957    0.0749  0.008705         0
    46/499     1.59G   0.03165  0.003367         0   0.03502        11       256    0.6759    0.5588    0.4383    0.1705    0.0762  0.008615         0
    47/499     1.59G   0.03084  0.003395         0   0.03424         9       256    0.6528    0.5805    0.4826    0.1764   0.07679  0.008518         0
    48/499     1.59G   0.02909  0.003337         0   0.03243        11       256     0.629    0.5735    0.4065    0.1657   0.07663  0.008537         0
    49/499     1.59G   0.03571  0.003278         0   0.03898        12       256    0.6866    0.5809    0.4589    0.1701   0.07653  0.008647         0
    50/499     1.59G   0.03183  0.003512         0   0.03534         7       256     0.709    0.5735    0.4877    0.1797   0.07578  0.008454         0
    51/499     1.59G   0.03255  0.003478         0   0.03603        10       256    0.6776    0.5735    0.4523    0.1601   0.07563  0.008562         0
    52/499     1.59G   0.03263   0.00344         0   0.03607        11       256    0.6298    0.5515    0.4135    0.1588   0.07686  0.008479         0
    53/499     1.59G   0.02573  0.003348         0   0.02907         8       256    0.7028    0.5588    0.4673    0.1735   0.07522  0.008518         0
    54/499     1.59G   0.03353  0.003469         0     0.037        10       256    0.6296       0.5    0.4196    0.1446   0.07675  0.008741         0
    55/499     1.59G   0.03489  0.003453         0   0.03834         3       256    0.6948    0.5368    0.4633    0.1813   0.07571  0.008523         0
    56/499     1.59G   0.03533  0.003436         0   0.03876         7       256     0.729    0.5735    0.4992    0.2163   0.07474  0.008567         0
    57/499     1.59G   0.02837  0.003387         0   0.03176        10       256    0.7289    0.5139    0.5152    0.1942    0.0756  0.008695         0
    58/499     1.59G   0.03457  0.003701         0   0.03827         5       256    0.7152    0.5356    0.5003    0.2043    0.0782  0.008242         0
    59/499     1.59G   0.03764  0.003897         0   0.04154         8       256    0.5858       0.5    0.4252    0.1678   0.07653  0.008261         0
    60/499     1.59G   0.04045  0.004607         0   0.04506        10       256    0.4832    0.3235    0.2971   0.09916   0.08871   0.01142         0
    61/499     1.59G   0.04587  0.004691         0   0.05056         5       256    0.5873    0.4185    0.3916    0.1303   0.08992   0.01148         0
    62/499     1.59G   0.04024  0.004734         0   0.04498         6       256    0.5977    0.5368    0.4278    0.1544   0.07958  0.009237         0
    63/499     1.59G   0.04012  0.004314         0   0.04444         9       256    0.6663    0.5441    0.4522    0.1642   0.07741  0.008453         0
    64/499     1.59G   0.03503  0.004145         0   0.03918         8       256     0.628    0.5588    0.4372    0.1691    0.0764  0.008318         0
    65/499     1.59G   0.03666  0.004043         0    0.0407         9       256    0.7347    0.5515    0.4752    0.1824   0.07564  0.008464         0
    66/499     1.59G   0.03047  0.003809         0   0.03428         7       256    0.7246    0.5809     0.473    0.1902   0.07622    0.0086         0
    67/499     1.59G   0.03253  0.003751         0   0.03628         8       256    0.6726    0.5441    0.4278    0.1695   0.07615  0.008558         0
    68/499     1.59G   0.03399  0.003769         0   0.03776         7       256    0.7142    0.5515     0.479    0.1756   0.07549  0.008752         0
    69/499     1.59G   0.03681  0.003781         0   0.04059         8       256    0.7115     0.544    0.4716    0.1859   0.07573  0.008613         0
    70/499     1.59G   0.03526  0.003649         0    0.0389         7       256    0.6239    0.5734    0.4481    0.1658   0.07694   0.00857         0
    71/499     1.59G   0.03495  0.003533         0   0.03848        10       256    0.6446    0.5735      0.42    0.1534   0.07639  0.008752         0
    72/499     1.59G   0.02986  0.003363         0   0.03322         9       256    0.6521    0.5662     0.446    0.1804   0.07608  0.008675         0
    73/499     1.59G   0.03176  0.003503         0   0.03526        11       256    0.6475    0.5809     0.456    0.1592   0.07562   0.00912         0
    74/499     1.59G   0.03212   0.00349         0   0.03561         8       256     0.629    0.5734    0.4489    0.1582   0.07626  0.008671         0
    75/499     1.59G   0.03053  0.003618         0   0.03414         8       256    0.6142    0.5735    0.4382    0.1692   0.07563  0.008627         0
    76/499     1.59G   0.02913  0.003605         0   0.03274         8       256    0.6289    0.5732    0.4565    0.1692   0.07559  0.008662         0
    77/499     1.59G   0.03215  0.003436         0   0.03559         6       256    0.6208    0.5662    0.4344    0.1563   0.07581  0.008523         0
    78/499     1.59G   0.03257  0.003507         0   0.03607        10       256       0.6    0.5735    0.4271    0.1553   0.07707  0.008763         0
    79/499     1.59G   0.02879  0.003498         0   0.03229        15       256    0.6238    0.5735    0.4521    0.1719   0.07613  0.009039         0
    80/499     1.59G   0.02886  0.003412         0   0.03227        11       256    0.6544     0.543    0.4585    0.1646   0.07554  0.009009         0
    81/499     1.59G   0.02726  0.003265         0   0.03052         8       256    0.7156    0.5735    0.5192    0.1942   0.07488  0.008998         0
    82/499     1.59G   0.03362   0.00348         0    0.0371         8       256    0.6165    0.5437    0.4629    0.1756   0.07563  0.008812         0
    83/499     1.59G    0.0318  0.003357         0   0.03516         9       256    0.7467    0.5202    0.4847    0.1959   0.07466  0.008929         0
    84/499     1.59G   0.03127  0.003251         0   0.03452         9       256    0.6654    0.5441    0.4425    0.1772   0.07525  0.008942         0
    85/499     1.59G   0.02959  0.003314         0    0.0329         8       256     0.652     0.551    0.4084    0.1585   0.07563  0.008912         0
    86/499     1.59G   0.02579  0.003093         0   0.02889         9       256    0.6659    0.5422    0.4041    0.1566   0.07545  0.009098         0
    87/499     1.59G   0.03313  0.003222         0   0.03635        12       256     0.632    0.5808    0.4505    0.1788    0.0742  0.009246         0
    88/499     1.59G   0.03311  0.003227         0   0.03634        12       256    0.7016    0.5735    0.4987    0.2034   0.07245  0.009267         0
    89/499     1.59G    0.0317  0.003358         0   0.03506         8       256    0.6694    0.5359    0.4399     0.178   0.07305  0.009086         0
    90/499     1.59G   0.02868  0.003277         0   0.03196         6       256    0.6357    0.5662    0.4149    0.1634   0.07144  0.009253         0
    91/499     1.59G   0.02984  0.003205         0   0.03304         4       256     0.603    0.5809    0.4164    0.1636   0.07106  0.009382         0
    92/499     1.59G   0.02936  0.003353         0   0.03271         6       256    0.6029    0.5735     0.414    0.1639    0.0729  0.009467         0
    93/499     1.59G   0.02637  0.003192         0   0.02956         7       256    0.6237    0.5735    0.4245    0.1679   0.07361  0.009343         0
    94/499     1.59G   0.03164  0.003215         0   0.03485         9       256    0.6208    0.5659    0.4192    0.1652   0.07325  0.009542         0
    95/499     1.59G   0.02739  0.003323         0   0.03071         7       256     0.661    0.5735    0.4652    0.1828   0.07225  0.009524         0
    96/499     1.59G   0.02991  0.003242         0   0.03315         9       256    0.6927    0.5662    0.4829     0.186   0.07149  0.009383         0
    97/499     1.59G   0.03036  0.003309         0   0.03366         5       256    0.6996    0.5515    0.4603    0.1829   0.06961  0.009646         0
    98/499     1.59G   0.02918  0.003324         0   0.03251        13       256    0.6574    0.5644    0.4662     0.183    0.0685   0.01006         0
    99/499     1.59G   0.03117  0.003344         0   0.03451        10       256    0.6478    0.5441    0.4195    0.1643   0.06961   0.01005         0
   100/499     1.59G   0.02967  0.003386         0   0.03305        11       256    0.6755    0.5509    0.4348    0.1831   0.06771  0.009768         0
   101/499     1.59G   0.02821  0.003431         0   0.03164         7       256    0.6998    0.5515    0.4488    0.1942   0.06976  0.009804         0
   102/499     1.59G   0.02991  0.003371         0   0.03328         6       256    0.7064    0.5515    0.4439    0.1882   0.06928  0.009902         0
   103/499     1.59G   0.02973  0.003197         0   0.03292         7       256    0.6603    0.5574     0.425    0.1748   0.06743   0.01012         0
   104/499     1.59G   0.02889  0.003099         0   0.03199        12       256    0.6308    0.5652    0.4259    0.1791    0.0686   0.01002         0
   105/499     1.59G   0.02444   0.00317         0   0.02761         4       256    0.6173    0.5588    0.3908    0.1542   0.07041   0.01024         0
   106/499     1.59G   0.02797  0.003206         0   0.03118         7       256    0.6265    0.5588    0.4079    0.1636   0.06924   0.01022         0
   107/499     1.59G    0.0262  0.003172         0   0.02937        10       256     0.661    0.5734    0.4327    0.1802   0.06875      0.01         0
   108/499     1.59G    0.0279  0.003134         0   0.03103         9       256    0.6912    0.5441    0.4345    0.1907   0.07076  0.009819         0
   109/499     1.59G   0.02698  0.003165         0   0.03015        12       256    0.6942    0.5515    0.4274    0.1756   0.07123  0.009667         0
   110/499     1.59G   0.02838  0.003126         0   0.03151         6       256    0.6637    0.5515    0.4125    0.1638   0.07203  0.009748         0
   111/499     1.59G   0.02548    0.0031         0   0.02858        10       256    0.6856    0.5515    0.4195    0.1637   0.07401  0.009708         0
   112/499     1.59G   0.02719  0.003186         0   0.03038        13       256    0.6401    0.5662    0.4134    0.1662   0.07327  0.009812         0
   113/499     1.59G   0.02727     0.003         0   0.03027         7       256    0.6338    0.5735    0.4128    0.1747   0.07514  0.009793         0
   114/499     1.59G   0.02629   0.00314         0   0.02943         9       256    0.6418    0.5809    0.4235    0.1737   0.07418  0.009614         0
   115/499     1.59G   0.02744  0.003041         0   0.03048         6       256    0.6222    0.5735    0.3964    0.1595   0.07481  0.009746         0
   116/499     1.59G   0.02789  0.003211         0   0.03111         6       256    0.5954    0.5735    0.3757    0.1505   0.07315   0.01022         0
   117/499     1.59G   0.02777  0.003137         0   0.03091         7       256    0.6362    0.5662    0.3952    0.1593   0.07184   0.01006         0
   118/499     1.59G   0.02875  0.002987         0   0.03174         7       256    0.6558    0.5662    0.4277    0.1705   0.06958      0.01         0
   119/499     1.59G   0.02886  0.002994         0   0.03186         9       256    0.6825    0.5588    0.4458    0.1887   0.07063   0.01012         0
   120/499     1.59G   0.03264   0.00323         0   0.03587        12       256    0.6874    0.5515    0.4345    0.1874   0.07594  0.009725         0
   121/499     1.59G   0.02735  0.002954         0    0.0303         6       256    0.6385    0.5584    0.4329    0.1899   0.08009  0.009292         0
   122/499     1.59G   0.02692  0.003136         0   0.03006         6       256    0.6608    0.5735     0.455    0.1943   0.07855  0.009405         0
   123/499     1.59G    0.0264  0.003104         0   0.02951         9       256    0.6608    0.5731    0.4604     0.196   0.07454  0.009884         0
   124/499     1.59G   0.02863  0.003135         0   0.03176         7       256    0.6368    0.5588    0.4317    0.1812   0.07046   0.01014         0
   125/499     1.59G   0.02831  0.003072         0   0.03139         4       256    0.7065    0.5133    0.4245    0.1787   0.06968   0.01029         0
   126/499     1.59G   0.02588  0.003036         0   0.02891        10       256    0.6656    0.5735    0.4434    0.1861   0.06946   0.01043         0
   127/499     1.59G   0.02779  0.002948         0   0.03074         8       256    0.7083    0.5714      0.45    0.1845    0.0699   0.01041         0
   128/499     1.59G   0.02885  0.002966         0   0.03182         5       256    0.6782    0.5588    0.4386    0.1825    0.0703   0.01017         0
   129/499     1.59G   0.02805  0.003058         0   0.03111         8       256    0.6728    0.5515    0.4148    0.1688   0.07086   0.01025         0
   130/499     1.59G   0.02758  0.003134         0   0.03071         6       256    0.6185    0.5721     0.402    0.1664   0.07435   0.01009         0
   131/499     1.59G    0.0257  0.002887         0   0.02858         7       256    0.6334    0.5735    0.4133    0.1794   0.08303   0.00981         0
   132/499     1.59G   0.02534   0.00305         0   0.02839         9       256    0.6393    0.5733    0.4345    0.1875   0.08453  0.009861         0
   133/499     1.59G   0.02703  0.003005         0   0.03004         8       256    0.6294    0.5515    0.4353     0.194   0.08512   0.01009         0
   134/499     1.59G   0.02779  0.003031         0   0.03082        11       256    0.5953    0.5733    0.4366    0.1887   0.08608   0.01008         0
   135/499     1.59G   0.02576  0.003017         0   0.02878         9       256    0.6843    0.5588    0.4427    0.1802   0.08589   0.01028         0
   136/499     1.59G   0.02827  0.002877         0   0.03114         8       256    0.6872    0.5662    0.4504    0.1883   0.08589    0.0102         0
   137/499     1.59G   0.02952  0.002903         0   0.03242         8       256    0.6751    0.5662    0.4524    0.1942   0.08583   0.01035         0
   138/499     1.59G   0.02889  0.003002         0   0.03189         9       256    0.6916    0.5278     0.445    0.1901   0.08619   0.01036         0
   139/499     1.59G   0.02626  0.002937         0    0.0292         8       256    0.6576    0.5515    0.4291    0.1769   0.08625   0.01045         0
   140/499     1.59G   0.02773  0.002958         0   0.03068        10       256    0.6605    0.5662    0.4429    0.1825   0.08482   0.01058         0
   141/499     1.59G   0.02689  0.002976         0   0.02987        12       256    0.6864    0.5515    0.4412    0.1866   0.08231   0.01059         0
   142/499     1.59G   0.02914  0.003058         0   0.03219        11       256     0.669    0.5588    0.4352    0.1884   0.08074   0.01056         0
   143/499     1.59G   0.02593  0.002957         0   0.02888         5       256    0.6844    0.5581    0.4218    0.1718   0.08268   0.01044         0
   144/499     1.59G   0.02696   0.00296         0   0.02992         8       256    0.6887    0.5441    0.4398    0.1783    0.0829   0.01029         0
   145/499     1.59G    0.0257  0.002938         0   0.02864         6       256    0.6045    0.5731    0.4058    0.1658   0.08382    0.0103         0
   146/499     1.59G   0.02854  0.003032         0   0.03157        11       256    0.6338    0.5726    0.4021    0.1705   0.08396   0.01014         0
   147/499     1.59G    0.0246  0.002925         0   0.02753         5       256    0.6782    0.5441     0.449    0.1904   0.08345   0.01001         0
   148/499     1.59G    0.0251  0.002903         0     0.028        12       256     0.701    0.5368     0.441    0.1872   0.08213   0.01019         0
   149/499     1.59G   0.02725  0.002954         0    0.0302        11       256    0.6341    0.5809    0.4331    0.1754    0.0828   0.01067         0
   150/499     1.59G    0.0281  0.002944         0   0.03104         9       256    0.5915    0.5662    0.4136    0.1614   0.08408   0.01074         0
   151/499     1.59G   0.02701  0.002887         0   0.02989         8       256    0.6188    0.5735    0.3913    0.1597   0.08598   0.01069         0
   152/499     1.59G   0.02784  0.002943         0   0.03078         5       256    0.5909    0.5735     0.379    0.1515    0.0856   0.01064         0
   153/499     1.59G   0.02733  0.002904         0   0.03023         9       256    0.6389    0.5735    0.4329     0.168   0.08528   0.01026         0
   154/499     1.59G   0.02569  0.002876         0   0.02857         8       256    0.6666    0.5734    0.4341    0.1681   0.08476   0.01033         0
   155/499     1.59G   0.02767  0.002999         0   0.03066         7       256    0.6843    0.5577    0.4258    0.1658   0.08446   0.01038         0
   156/499     1.59G   0.02625  0.002965         0   0.02921         6       256      0.69    0.5588     0.429    0.1723   0.08242   0.01048         0
   157/499     1.59G   0.02642  0.002947         0   0.02937         7       256    0.7021    0.5441    0.4442    0.1758    0.0792   0.01064         0
   158/499     1.59G   0.02435   0.00298         0   0.02733        10       256    0.6494    0.5721     0.458     0.187   0.08109   0.01067         0
   159/499     1.59G   0.02523  0.003015         0   0.02825         8       256    0.6408    0.5641    0.4143    0.1748   0.08208   0.01047         0
   160/499     1.59G   0.02701  0.002945         0   0.02995         8       256    0.6722    0.5429    0.4325    0.1774   0.08238    0.0106         0
   161/499     1.59G    0.0263  0.002914         0   0.02921         8       256    0.7154    0.5441    0.4427    0.1838   0.08143    0.0109         0
   162/499     1.59G   0.02696  0.003026         0   0.02999        11       256    0.7278    0.5515    0.4569    0.1855   0.08144   0.01068         0
   163/499     1.59G   0.02495   0.00279         0   0.02774         7       256     0.727    0.5287    0.4484     0.192   0.08243    0.0106         0
   164/499     1.59G   0.02446  0.002876         0   0.02734         5       256    0.6844    0.5421    0.4362    0.1776     0.084   0.01068         0
   165/499     1.59G   0.02443  0.002808         0   0.02724        11       256     0.688    0.5513     0.433     0.171   0.08415   0.01062         0
   166/499     1.59G   0.02624  0.002813         0   0.02906         6       256    0.6446    0.5735    0.4181    0.1754   0.08348   0.01069         0
   167/499     1.59G   0.02372   0.00285         0   0.02657        13       256    0.6186    0.5735    0.4182    0.1822   0.08405   0.01069         0
   168/499     1.59G   0.02831  0.003085         0   0.03139         7       256    0.5937    0.5588    0.4008    0.1649   0.08353   0.01084         0
   169/499     1.59G   0.02786  0.002979         0   0.03084         7       256    0.6206    0.5662    0.3951    0.1602   0.08235   0.01092         0
   170/499     1.59G   0.02643   0.00303         0   0.02946        10       256    0.6313    0.5287    0.3837    0.1596   0.08355   0.01092         0
   171/499     1.59G   0.02663  0.002798         0   0.02943         6       256    0.5994     0.572      0.39    0.1685   0.08307   0.01093         0
   172/499     1.59G   0.02798  0.002981         0   0.03096        10       256    0.6258    0.5657    0.4298    0.1718   0.08342   0.01102         0
   173/499     1.59G   0.02718   0.00285         0   0.03003         8       256    0.6547    0.5588    0.4203    0.1743   0.08445   0.01075         0
   174/499     1.59G   0.02689  0.002906         0    0.0298        11       256    0.6783    0.5425    0.4556    0.1904   0.08454   0.01085         0
   175/499     1.59G   0.02671  0.002913         0   0.02962         8       256    0.6691    0.5662    0.4447    0.2001   0.08502   0.01088         0
   176/499     1.59G   0.02702  0.002856         0   0.02988        12       256    0.6812    0.5655    0.4473    0.1915   0.08336   0.01106         0
   177/499     1.59G    0.0251  0.002818         0   0.02792         5       256    0.6696    0.5588     0.451    0.1953   0.08653   0.01095         0
   178/499     1.59G   0.02524  0.003001         0   0.02824         5       256    0.6544    0.5431    0.4594    0.2016   0.08742    0.0108         0
   179/499     1.59G   0.02706  0.002984         0   0.03004        11       256    0.6753    0.5368    0.4572     0.194   0.08705    0.0108         0
   180/499     1.59G   0.02681  0.002885         0   0.02969         8       256    0.7194     0.528    0.4631    0.1932   0.08735   0.01055         0
   181/499     1.59G   0.02895  0.002981         0   0.03194         7       256     0.657    0.5588     0.414    0.1713   0.08767   0.01063         0
   182/499     1.59G   0.02674  0.002864         0   0.02961         6       256    0.6662    0.5441    0.4374    0.1834   0.08577   0.01122         0
   183/499     1.59G   0.02681  0.002989         0    0.0298         7       256     0.599    0.5735    0.4515    0.1957   0.08495   0.01123         0
   184/499     1.59G   0.02579  0.002898         0   0.02869        12       256     0.674    0.5368    0.4432    0.1881   0.08396   0.01102         0
   185/499     1.59G   0.02632  0.002835         0   0.02916         8       256    0.6696    0.5368    0.4479    0.1947   0.08288    0.0109         0
   186/499     1.59G   0.02507  0.002893         0   0.02796         7       256    0.6124    0.5809    0.4208    0.1746   0.08221   0.01113         0
   187/499     1.59G   0.02567  0.002755         0   0.02843         5       256    0.6172    0.5809    0.4228    0.1752   0.08333    0.0112         0
   188/499     1.59G   0.02552  0.002937         0   0.02846         6       256    0.6239    0.5734    0.4115    0.1744   0.08359   0.01135         0
   189/499     1.59G   0.02363  0.002949         0   0.02658        12       256    0.6622    0.5441    0.4355     0.182   0.08372   0.01137         0
   190/499     1.59G   0.02485  0.002831         0   0.02768         7       256     0.686    0.5142     0.451    0.1757   0.08359   0.01123         0
   191/499     1.59G   0.02423  0.002818         0   0.02704         8       256    0.6354    0.5515    0.4535    0.1817   0.08301   0.01133         0
   192/499     1.59G   0.02404   0.00288         0   0.02692        14       256    0.6063    0.5515    0.4257    0.1734   0.08272   0.01161         0
   193/499     1.59G   0.02331   0.00281         0   0.02612         8       256    0.6409    0.5515     0.423    0.1766   0.08248   0.01187         0
   194/499     1.59G   0.02626  0.002908         0   0.02917         9       256    0.6332    0.5662    0.4418    0.1798   0.08262   0.01168         0
   195/499     1.59G   0.02525  0.002925         0   0.02818         6       256    0.6512    0.5492    0.4292    0.1775    0.0836    0.0117         0
   196/499     1.59G   0.02574  0.002982         0   0.02872        12       256    0.6562    0.5515    0.4404    0.1785   0.08402   0.01182         0
   197/499     1.59G   0.02366   0.00279         0   0.02645         6       256    0.6511    0.5441    0.4376    0.1839   0.08448   0.01194         0
   198/499     1.59G   0.02447  0.002804         0   0.02728         9       256    0.6076    0.5807     0.425    0.1717   0.08509   0.01172         0
   199/499     1.59G    0.0241  0.002856         0   0.02695         8       256    0.6417    0.5662    0.4502    0.1891   0.08478    0.0114         0
   200/499     1.59G   0.02545  0.002838         0   0.02829         7       256    0.6364    0.5662    0.4474     0.185   0.08466   0.01146         0
   201/499     1.59G   0.02312  0.002891         0   0.02601        11       256     0.642    0.5809    0.4435    0.1903   0.08435   0.01162         0
   202/499     1.59G   0.02544  0.002724         0   0.02817        10       256    0.5771    0.5735    0.3981    0.1601   0.08412    0.0118         0
   203/499     1.59G   0.02449  0.002791         0   0.02728        10       256    0.7019    0.5441    0.4512    0.1879   0.08428   0.01171         0
   204/499     1.59G   0.02614  0.002742         0   0.02888         9       256    0.7114    0.5441    0.4438    0.1785    0.0845   0.01173         0
   205/499     1.59G   0.02454  0.002828         0   0.02737         7       256    0.6636    0.5515    0.4375    0.1787   0.08486   0.01167         0
   206/499     1.59G   0.02404  0.002806         0   0.02685         8       256     0.641    0.5662    0.4397    0.1801   0.08494   0.01154         0
   207/499     1.59G   0.02409  0.002932         0   0.02702         9       256    0.6373    0.5809    0.4548    0.1925   0.08474   0.01168         0
   208/499     1.59G   0.02326  0.002646         0   0.02591        12       256    0.7261    0.5074    0.4338    0.1854    0.0853    0.0116         0
   209/499     1.59G   0.02431  0.002782         0   0.02709         6       256    0.6256    0.5662    0.4443    0.2007    0.0847    0.0118         0
   210/499     1.59G    0.0242  0.002771         0   0.02697         5       256    0.6692    0.5654    0.4386    0.1879   0.08462    0.0119         0
   211/499     1.59G   0.02353  0.002703         0   0.02623         4       256     0.731    0.5441    0.4416    0.1881   0.08435   0.01171         0
   212/499     1.59G   0.02713  0.002731         0   0.02986         6       256    0.6497    0.5728    0.4474     0.188   0.08396   0.01173         0
   213/499     1.59G   0.02246   0.00281         0   0.02526         9       256    0.6743    0.5515    0.4543    0.1917   0.08375   0.01184         0
   214/499     1.59G   0.02317  0.002818         0   0.02599        10       256     0.668    0.5662    0.4564    0.1968    0.0835   0.01205         0
   215/499     1.59G   0.02355  0.002854         0   0.02641         9       256    0.6469    0.5658     0.444    0.1798   0.08409   0.01206         0
   216/499     1.59G   0.02316  0.002745         0    0.0259         7       256    0.7039    0.5147    0.4651     0.194   0.08425   0.01174         0
   217/499     1.59G   0.02337  0.002735         0   0.02611        10       256    0.6972    0.5587    0.4408    0.1877   0.08367   0.01188         0
   218/499     1.59G   0.02524  0.002914         0   0.02816         7       256    0.6699    0.5515    0.4494    0.1889    0.0821   0.01193         0
   219/499     1.59G   0.02523  0.002754         0   0.02799         4       256    0.6462    0.5515    0.4381    0.1807   0.08188   0.01203         0
   220/499     1.59G   0.02414  0.002852         0     0.027         7       256    0.6819    0.5359    0.4408    0.1852   0.08358   0.01178         0
   221/499     1.59G   0.02463  0.002803         0   0.02743         8       256    0.6431    0.5441    0.4232    0.1768   0.08469   0.01181         0
   222/499     1.59G   0.02447  0.002838         0   0.02731         6       256    0.6766    0.5692    0.4371    0.1827   0.08529   0.01198         0
   223/499     1.59G    0.0254  0.002848         0   0.02825        11       256    0.7005    0.5504    0.4451    0.1798   0.08464   0.01199         0
   224/499     1.59G   0.02493   0.00288         0   0.02781        11       256    0.6629    0.5515    0.4203    0.1716   0.08304   0.01211         0
   225/499     1.59G    0.0228   0.00276         0   0.02556         5       256    0.6486    0.5441    0.3973     0.168   0.08245   0.01207         0
   226/499     1.59G   0.02132   0.00271         0   0.02403         8       256    0.6342    0.5368    0.4043    0.1655   0.08346   0.01224         0
   227/499     1.59G   0.02378  0.002883         0   0.02666        11       256     0.639    0.5515    0.4206    0.1792   0.08315   0.01217         0
   228/499     1.59G   0.02361  0.002762         0   0.02638         7       256    0.6906    0.5368    0.4374    0.1895   0.08192   0.01228         0
   229/499     1.59G   0.02369  0.002754         0   0.02645         5       256    0.6784    0.5441    0.4318    0.1871   0.08164   0.01208         0
   230/499     1.59G   0.02357  0.002675         0   0.02625         7       256    0.6639    0.5588    0.4368    0.1788    0.0831   0.01217         0
   231/499     1.59G   0.02416  0.002762         0   0.02693        10       256     0.643    0.5562    0.4301    0.1764   0.08433   0.01221         0
   232/499     1.59G   0.02535  0.002819         0   0.02817         7       256    0.6543    0.5441    0.4338     0.186   0.08385   0.01251         0
   233/499     1.59G   0.02255  0.002859         0   0.02541         7       256    0.6459    0.5662      0.45    0.1947   0.08368   0.01228         0
   234/499     1.59G   0.02291  0.002813         0   0.02573         7       256    0.6493    0.5717    0.4581    0.1915   0.08463   0.01211         0
   235/499     1.59G   0.02462  0.002923         0   0.02754         8       256    0.6493    0.5735    0.4425    0.1883   0.08489   0.01218         0
   236/499     1.59G   0.02356  0.002747         0   0.02631         7       256    0.7041    0.5423    0.4349    0.1855   0.08476   0.01204         0
   237/499     1.59G   0.02278  0.002823         0   0.02561        11       256    0.6884    0.5441    0.4473    0.1945    0.0846   0.01193         0
   238/499     1.59G   0.02375   0.00283         0   0.02658         8       256    0.6662    0.5577    0.4391     0.183   0.08462     0.012         0
   239/499     1.59G   0.02326  0.002808         0   0.02606        10       256     0.704    0.5294    0.4509    0.1793   0.08472   0.01225         0
   240/499     1.59G   0.02452  0.002896         0   0.02742        10       256    0.6756     0.536    0.4426    0.1797   0.08519   0.01247         0
   241/499     1.59G   0.02556  0.002756         0   0.02831         9       256     0.626    0.5588    0.4157     0.175   0.08441   0.01247         0
   242/499     1.59G   0.02242  0.002785         0   0.02521         9       256    0.6341    0.5734    0.4397    0.1801   0.08426   0.01216         0
   243/499     1.59G   0.02263  0.002906         0   0.02553        12       256    0.6701    0.5662    0.4458    0.1795    0.0853   0.01212         0
   244/499     1.59G    0.0221  0.002901         0     0.025         9       256    0.6546    0.5441    0.4377    0.1753   0.08439    0.0121         0
   245/499     1.59G   0.02278  0.002791         0   0.02557         7       256    0.6966    0.5294    0.4351    0.1778   0.08398   0.01219         0
   246/499     1.59G   0.02327  0.002829         0    0.0261        10       256      0.68    0.5368    0.4254    0.1778   0.08356   0.01221         0
   247/499     1.59G   0.02259  0.002667         0   0.02526         5       256    0.6683    0.5368     0.431    0.1771   0.08371   0.01217         0
   248/499     1.59G   0.02321   0.00281         0   0.02602         9       256    0.6748    0.5493    0.4301    0.1757   0.08348   0.01217         0
   249/499     1.59G    0.0249  0.002763         0   0.02766        11       256    0.7152    0.5368    0.4273    0.1755    0.0839    0.0121         0
   250/499     1.59G   0.02426  0.002778         0   0.02704         5       256    0.6802    0.5515     0.428    0.1758   0.08393   0.01202         0
   251/499     1.59G   0.02295   0.00278         0   0.02573        12       256    0.6717    0.5588    0.4324    0.1755   0.08454   0.01199         0
   252/499     1.59G   0.02268  0.002773         0   0.02545        11       256    0.6746    0.5515    0.4445    0.1847   0.08458   0.01213         0
   253/499     1.59G   0.02101  0.002915         0   0.02393         6       256    0.6601    0.5588    0.4424    0.1847   0.08467   0.01226         0
   254/499     1.59G   0.02436  0.002784         0   0.02714         8       256    0.6383    0.5735     0.446    0.1898    0.0843   0.01206         0
   255/499     1.59G   0.02291  0.002814         0   0.02573         9       256    0.6416    0.5662      0.44    0.1827   0.08415   0.01224         0
   256/499     1.59G   0.02378  0.002725         0    0.0265         8       256    0.6462    0.5662     0.443    0.1761   0.08489   0.01244         0
   257/499     1.59G   0.02251  0.002719         0   0.02523         5       256     0.654    0.5588    0.4437    0.1774   0.08481   0.01224         0
   258/499     1.59G   0.02083   0.00262         0   0.02345         7       256    0.7053    0.5294    0.4388    0.1798   0.08465   0.01213         0
   259/499     1.59G   0.02105  0.002833         0   0.02388         9       256    0.7003    0.5368    0.4476    0.1901   0.08469   0.01223         0
   260/499     1.59G   0.02202  0.002627         0   0.02465         9       256     0.708    0.5368    0.4467     0.193   0.08529   0.01226         0
   261/499     1.59G    0.0223  0.002782         0   0.02508         8       256    0.6811    0.5515     0.446    0.1952   0.08545   0.01247         0
