Ellie_1 [[-0.00704352  0.14861332 -0.00462206 -0.11069982 -0.08977383 -0.03760831
   0.00289562 -0.05068528 -0.12794977  0.0069318   0.05659    -0.00508006
   0.06248579 -0.08143403  0.06321701 -0.10253683 -0.01108521  0.14785333
  -0.23066346  0.07601114 -0.08398152  0.02803339  0.02580341 -0.21945238
   0.01381226  0.0541479  -0.08929876  0.00280554 -0.07287121 -0.05842566
  -0.03295083  0.05264449  0.1159547  -0.19452627  0.06731244 -0.07735699
  -0.00556853 -0.178397    0.00350775  0.00656648  0.05844976  0.12105907
  -0.11466757  0.11572757  0.09500521  0.06664056  0.03497992  0.02683802
  -0.03562374 -0.01269985 -0.13629358  0.02408354 -0.05977107  0.10027084
   0.05668118 -0.08265214  0.0973541   0.07297731 -0.03200572  0.07587232
   0.07042605 -0.01477484  0.14311482 -0.01600463  0.00285402 -0.07207265
  -0.07365005 -0.01423074 -0.01122079  0.00621682  0.12787403  0.13392264
  -0.00879638 -0.07178153 -0.0151964   0.17626043 -0.03642033  0.0330485
  -0.09571213 -0.12047756  0.02422532 -0.09719467  0.19567735 -0.03952925
  -0.09619972  0.10217553  0.03161049 -0.00378612 -0.11708675  0.16139552
  -0.01732965 -0.16962668  0.05139099 -0.03249799 -0.00595908  0.09303302
  -0.12245353  0.08461469  0.00976541  0.05775164  0.08152818 -0.20669365
  -0.00588859  0.05077082 -0.02851171 -0.06273106  0.03400138  0.00623109
   0.04703104  0.01788082 -0.05487195 -0.02995915 -0.06929511  0.04159994
  -0.11419804  0.01606341 -0.00908852  0.0151673   0.11565775  0.08039457
  -0.03369944 -0.06005459  0.18967052 -0.23088817  0.05678472  0.10704081
  -0.05480349 -0.02587298]]
Ellie_2 [[ 0.02891169  0.14358985 -0.01068468 -0.12122542 -0.08354732 -0.03307382
   0.01886788 -0.06759355 -0.11568303 -0.00221425  0.03464992 -0.03872715
   0.04345078 -0.07667001  0.03099535 -0.12355249 -0.01664023  0.12789656
  -0.23757175  0.05421028 -0.07767946  0.02826813  0.01425225 -0.2097146
   0.02894741  0.05529099 -0.08259146  0.02794118 -0.04770497 -0.06391551
  -0.05586003  0.05234067  0.12321432 -0.20370086  0.06521283 -0.07330026
   0.00839021 -0.17280512 -0.01208129 -0.01318905  0.05947132  0.10260093
  -0.09826187  0.12262125  0.09683343  0.07533919  0.07462423  0.01327953
  -0.01529134 -0.00358843 -0.13873987  0.01602856 -0.06788152  0.10629626
   0.04733621 -0.09010499  0.08466959  0.0620977  -0.03262608  0.08958202
   0.07395276 -0.02405924  0.12791787  0.00831451  0.02989332 -0.06112793
  -0.06168691 -0.01195306 -0.03540463 -0.0086364   0.12716886  0.13769396
  -0.01553778 -0.07450747 -0.0261478   0.16902791 -0.0301084   0.04772962
  -0.0689339  -0.12724492  0.01815716 -0.10836739  0.19947651 -0.02353357
  -0.08059001  0.10658008  0.022477   -0.00383586 -0.133103    0.15748304
   0.01232455 -0.19368577  0.04320746 -0.02615697  0.01452108  0.10652403
  -0.11701507  0.10016357 -0.00187772  0.05194848  0.06622262 -0.21148519
  -0.00580206  0.04362796  0.00430093 -0.07733272  0.05190196  0.00324318
   0.02386583  0.01091119 -0.03395725 -0.03119805 -0.07894777  0.02028075
  -0.13585824  0.03409226 -0.01583666 -0.0014677   0.11866246  0.07559934
  -0.0392774  -0.05437848  0.16683161 -0.23349944  0.07563711  0.12357605
  -0.05210003 -0.00496104]]
Ellie_3 [[-0.00092196  0.14717202 -0.00701616 -0.11526402 -0.10979103 -0.03361244
  -0.00649738 -0.05246203 -0.11940539 -0.00331762  0.04573932 -0.01798548
   0.05448137 -0.09377248  0.04809351 -0.11338206 -0.00742529  0.13023357
  -0.23549789  0.06024605 -0.08229028  0.03357295  0.02864855 -0.21545988
   0.00801633  0.04786161 -0.08961389  0.00990459 -0.07162578 -0.04003579
  -0.03551387  0.05901227  0.11530158 -0.1954374   0.05597093 -0.06592122
   0.00687495 -0.18250795  0.00119843  0.0092286   0.05652127  0.11742654
  -0.12767623  0.11787392  0.0936847   0.05398219  0.03833378  0.03149426
  -0.05245152 -0.01045827 -0.13312688  0.02567842 -0.07404808  0.10725244
   0.03950661 -0.09057695  0.08832752  0.07080878 -0.03222683  0.07664958
   0.0578573  -0.02055789  0.13610794 -0.0130301   0.00813658 -0.06016354
  -0.08273984 -0.01334662 -0.00695657  0.00449384  0.12747619  0.14586619
  -0.01319422 -0.0846421  -0.00977718  0.18373397 -0.03013438  0.02986449
  -0.08352818 -0.14220396  0.03652236 -0.09073615  0.20298195 -0.04093213
  -0.09438193  0.11226128  0.01239371 -0.00049672 -0.12792207  0.15600802
  -0.00290865 -0.16843519  0.04977955 -0.03620321 -0.00714617  0.08572242
  -0.11206084  0.08297384 -0.00050466  0.04332752  0.06500218 -0.20564729
  -0.01461589  0.04189161 -0.02229983 -0.07244604  0.03757891  0.01365939
   0.04821185  0.02647707 -0.05916497 -0.02354637 -0.06877849  0.03722332
  -0.1351364   0.02363226 -0.00627222  0.00789325  0.10852099  0.07674693
  -0.03063459 -0.05068709  0.18111098 -0.23163517  0.05321135  0.10919701
  -0.04860684 -0.03717813]]
Ellie_4 [[-5.91010205e-04  1.45085782e-01 -3.84342391e-03 -1.16285481e-01
  -1.00171417e-01 -3.47820148e-02 -1.63333036e-03 -5.13585322e-02
  -1.21080592e-01  2.06387090e-03  5.11972085e-02 -1.55977560e-02
   5.51240332e-02 -8.97352546e-02  5.40076643e-02 -1.09276250e-01
  -8.83998163e-03  1.38839915e-01 -2.32423142e-01  6.64302185e-02
  -8.11712220e-02  3.13698538e-02  2.70081274e-02 -2.16581419e-01
   1.24155059e-02  5.04078306e-02 -9.00832862e-02  8.26051086e-03
  -6.90696388e-02 -5.07743992e-02 -3.61592546e-02  5.66241518e-02
   1.19234696e-01 -1.95313677e-01  5.87203689e-02 -6.96019530e-02
   2.20122212e-03 -1.81149572e-01  2.86056730e-03  7.21779605e-03
   5.59896789e-02  1.18568540e-01 -1.21372841e-01  1.18842930e-01
   9.45415124e-02  6.31134510e-02  3.87394726e-02  2.99977735e-02
  -4.49061692e-02 -1.18319876e-02 -1.35100678e-01  2.41972450e-02
  -6.85858950e-02  1.06810622e-01  4.62827533e-02 -8.78181383e-02
   8.84535983e-02  7.26098791e-02 -2.94138938e-02  7.62290433e-02
   6.19138293e-02 -1.73516609e-02  1.37154326e-01 -1.43731516e-02
   9.73761547e-03 -6.39568865e-02 -7.84847364e-02 -1.50325047e-02
  -9.53808706e-03  4.86833509e-03  1.27745718e-01  1.43255562e-01
  -1.35100828e-02 -7.83948451e-02 -1.11390715e-02  1.79227129e-01
  -2.95907184e-02  3.40497866e-02 -8.95728096e-02 -1.33412033e-01
   3.31179723e-02 -9.16551054e-02  2.02908963e-01 -4.10711914e-02
  -9.78762954e-02  1.10367239e-01  1.94504503e-02  8.95857447e-05
  -1.24598846e-01  1.57869369e-01 -6.89813914e-03 -1.68828249e-01
   5.13299666e-02 -3.31467316e-02 -3.12724826e-03  9.03054178e-02
  -1.15878791e-01  8.67444575e-02  3.65877640e-03  4.96526845e-02
   6.92859143e-02 -2.07058743e-01 -1.15887718e-02  4.63200323e-02
  -2.23505329e-02 -6.66035339e-02  3.71980816e-02  1.16148172e-02
   4.67979722e-02  2.17158198e-02 -5.91893792e-02 -2.61696856e-02
  -7.05456212e-02  3.72498184e-02 -1.26816496e-01  2.21220255e-02
  -9.58360359e-03  1.00784525e-02  1.11702815e-01  7.80101344e-02
  -3.19889188e-02 -5.56607544e-02  1.84318766e-01 -2.30962202e-01
   5.44005446e-02  1.09477572e-01 -4.87708785e-02 -3.20028774e-02]]
Ellie_5 [[ 0.00131041  0.14532165 -0.00592895 -0.1164982  -0.10932437 -0.03487727
  -0.00794403 -0.05268494 -0.11770216 -0.00639364  0.04433825 -0.02119065
   0.05180031 -0.09420589  0.04492625 -0.11689132 -0.00825172  0.12746876
  -0.23786078  0.05573648 -0.08022147  0.03480141  0.02913466 -0.21409875
   0.009296    0.04667578 -0.09002318  0.01151919 -0.06951051 -0.03894508
  -0.03836128  0.05919319  0.1148605  -0.1956273   0.05480978 -0.06596496
   0.00917099 -0.18254912  0.00135888  0.00779881  0.05732328  0.11559816
  -0.12590827  0.11957225  0.09607517  0.05172088  0.04185612  0.02939355
  -0.05127023 -0.00970159 -0.13224927  0.02427187 -0.07656152  0.10770345
   0.03653652 -0.09149534  0.08729925  0.07001033 -0.03326861  0.07884587
   0.05596083 -0.02187387  0.13318858 -0.01123363  0.0116935  -0.05874266
  -0.08359332 -0.01435307 -0.00672904  0.00340686  0.12643644  0.14642702
  -0.01508113 -0.08709566 -0.01132622  0.18231478 -0.02783081  0.03174888
  -0.08255416 -0.14664988  0.0365453  -0.09049956  0.20421532 -0.04020838
  -0.09328179  0.11410184  0.00921138 -0.00058588 -0.13050552  0.15330285
   0.00097875 -0.16993846  0.05089743 -0.03589203 -0.00640099  0.08620721
  -0.10934145  0.082278   -0.00189355  0.04039922  0.06436633 -0.2057276
  -0.01608566  0.04038155 -0.01932943 -0.07552242  0.03788377  0.01357101
   0.04755411  0.0258683  -0.05889601 -0.0231399  -0.06978683  0.03723395
  -0.13942897  0.02617213 -0.00642629  0.00570766  0.10884383  0.07627272
  -0.02983322 -0.04815537  0.1789844  -0.23164299  0.05508146  0.11268371
  -0.04829979 -0.03538163]]
Ellie_6 [[-1.01883942e-02  1.44333556e-01 -1.34918711e-03 -1.16321594e-01
  -1.23416722e-01 -3.57175954e-02 -2.38420907e-02 -4.45050523e-02
  -1.14350177e-01 -1.16887698e-02  4.75451797e-02 -1.65847968e-02
   5.32054715e-02 -1.04646087e-01  4.86741625e-02 -1.17699347e-01
  -5.27488021e-03  1.22087508e-01 -2.37815827e-01  5.11149950e-02
  -8.00102279e-02  3.79697829e-02  3.71561423e-02 -2.12589428e-01
  -5.22204617e-04  4.22913432e-02 -9.37744379e-02  3.60584469e-03
  -7.85387978e-02 -2.30915044e-02 -3.20248455e-02  6.41562864e-02
   1.10900715e-01 -1.89601809e-01  4.72616404e-02 -6.02385327e-02
   1.19910259e-02 -1.85370132e-01  6.66440791e-03  1.77877732e-02
   5.58989048e-02  1.19772293e-01 -1.38614014e-01  1.18245102e-01
   9.51207206e-02  3.82212661e-02  2.63785552e-02  3.70184630e-02
  -7.03226030e-02 -1.21006453e-02 -1.28000379e-01  2.70207562e-02
  -8.31681639e-02  1.08450219e-01  2.78984830e-02 -9.31718946e-02
   8.60000253e-02  7.25780278e-02 -3.46273296e-02  7.35548064e-02
   4.33874093e-02 -2.17083897e-02  1.32294983e-01 -1.99366678e-02
   7.05493288e-03 -5.37087098e-02 -9.41667110e-02 -1.51491584e-02
   9.44971293e-03  8.38729367e-03  1.24380715e-01  1.50280476e-01
  -1.59517229e-02 -9.47503299e-02 -3.11070238e-03  1.86120480e-01
  -2.33332831e-02  2.50593647e-02 -8.60235393e-02 -1.60995126e-01
   4.59275991e-02 -7.79808238e-02  2.07258478e-01 -4.83021364e-02
  -9.89977196e-02  1.18788235e-01 -2.64965929e-03  2.06946186e-03
  -1.31352127e-01  1.47817448e-01 -9.39096499e-05 -1.55869290e-01
   5.49092405e-02 -4.11220156e-02 -1.45229939e-02  7.40357041e-02
  -1.00096911e-01  7.03726634e-02 -3.04761063e-03  2.97918618e-02
   6.05408289e-02 -1.99935302e-01 -2.32231002e-02  3.72273400e-02
  -2.70127542e-02 -7.74884149e-02  3.08118761e-02  1.94513574e-02
   5.81482574e-02  3.38944383e-02 -7.04163536e-02 -1.71354320e-02
  -6.54976442e-02  4.39056978e-02 -1.44824415e-01  2.24444382e-02
  -1.92217343e-03  9.08334088e-03  1.02229819e-01  7.57664368e-02
  -2.49426607e-02 -4.37016785e-02  1.79318145e-01 -2.28040799e-01
   4.51231003e-02  1.07156843e-01 -4.29460071e-02 -5.05397394e-02]]
Ellie_7 [[ 0.01031658  0.14687176 -0.00637716 -0.11661096 -0.09877832 -0.03437331
   0.00438054 -0.05824913 -0.11849148 -0.00095289  0.04510866 -0.02376767
   0.05083261 -0.08756711  0.0457207  -0.11495605 -0.01114546  0.13415566
  -0.23498373  0.06152346 -0.08128109  0.03076233  0.02296508 -0.21477021
   0.01652157  0.0530257  -0.08737675  0.01563187 -0.06278696 -0.05370455
  -0.04311923  0.05596859  0.12016533 -0.19904685  0.06117775 -0.06994279
   0.00413743 -0.17876138 -0.00348745  0.00143447  0.05782637  0.11274654
  -0.11570051  0.11999219  0.09557042  0.06563704  0.04985694  0.02522436
  -0.03715419 -0.00953752 -0.13623174  0.02190354 -0.07013045  0.10791945
   0.04627486 -0.08835068  0.08735506  0.06829525 -0.03132874  0.08130149
   0.06580991 -0.02063995  0.1334193  -0.00705355  0.01707845 -0.06287587
  -0.07348355 -0.01414877 -0.01748241  0.00032152  0.1278827   0.14169212
  -0.01283388 -0.07744755 -0.01533874  0.17765884 -0.02901737  0.03696127
  -0.081127   -0.13342513  0.02836405 -0.0973127   0.20217304 -0.03573272
  -0.09154928  0.10913236  0.01829533 -0.00146268 -0.12756261  0.15917718
   0.00143943 -0.17791587  0.04869454 -0.03113924  0.00221361  0.09465158
  -0.11607615  0.09041505  0.00063371  0.0498407   0.06674005 -0.20853107
  -0.0091761   0.04317459 -0.01416362 -0.07248844  0.04190069  0.0090082
   0.03904786  0.01845328 -0.05087668 -0.02697846 -0.0727779   0.03115142
  -0.13138433  0.02654267 -0.01077745  0.00630286  0.11514675  0.07628216
  -0.0363527  -0.05538705  0.17698209 -0.23279789  0.06103976  0.11430544
  -0.04872272 -0.02508024]]
Ellie_8 [[-0.00960403  0.14223829 -0.00250958 -0.11874793 -0.13317308 -0.03261461
  -0.02947249 -0.04308749 -0.10824771 -0.02070848  0.03965352 -0.02384434
   0.04531882 -0.11220925  0.03682521 -0.12373102 -0.00308682  0.10753492
  -0.24013363  0.0396448  -0.0769519   0.04539082  0.03737044 -0.20732848
  -0.00338474  0.03783149 -0.09431359  0.00719466 -0.07847632 -0.00720817
  -0.03411158  0.06740758  0.10817692 -0.18882121  0.03866513 -0.05374772
   0.02180466 -0.1863115   0.00843471  0.02113439  0.0571237   0.11840457
  -0.14484413  0.11948804  0.09420153  0.0270148   0.02803813  0.04095622
  -0.08103354 -0.0116022  -0.12408835  0.02758098 -0.09248698  0.11039682
   0.01408582 -0.09804873  0.08173017  0.06957746 -0.03662469  0.0743183
   0.03462321 -0.02559779  0.12683558 -0.01874981  0.00731632 -0.04488087
  -0.10228869 -0.01445733  0.0148943   0.00715199  0.12090494  0.15481797
  -0.01989522 -0.10613829 -0.00084076  0.1905393  -0.02047483  0.02159022
  -0.07921108 -0.17388618  0.05316456 -0.07242978  0.20997766 -0.04738808
  -0.09635828  0.12291689 -0.01479095  0.00408687 -0.13680388  0.14274365
   0.00875496 -0.15226784  0.05335473 -0.04141712 -0.01790591  0.06834867
  -0.09134376  0.0661478  -0.00919396  0.0172828   0.05029389 -0.1970338
  -0.03062255  0.02958181 -0.02362313 -0.0853631   0.03116869  0.02446275
   0.05850604  0.0403698  -0.07349636 -0.01208308 -0.06217946  0.04424017
  -0.15860029  0.02819764 -0.00091884  0.00333681  0.09561838  0.07287665
  -0.02171784 -0.03637789  0.17354265 -0.22401749  0.04235881  0.10826894
  -0.0388957  -0.05718397]]
Ellie_9 [[ 7.71758286e-03  1.47409171e-01 -7.54549587e-03 -1.15104578e-01
  -9.42247882e-02 -3.47773880e-02  8.24760925e-03 -5.76854125e-02
  -1.20588645e-01  3.69211333e-03  4.82522212e-02 -1.97569411e-02
   5.41593581e-02 -8.35343897e-02  5.08130603e-02 -1.09875813e-01
  -1.24627342e-02  1.40470877e-01 -2.32651144e-01  6.82097152e-02
  -8.27258229e-02  2.86807679e-02  2.21293624e-02 -2.17304409e-01
   1.85860507e-02  5.49098887e-02 -8.69954899e-02  1.32265203e-02
  -6.38298914e-02 -5.97038977e-02 -4.14165147e-02  5.43868132e-02
   1.21105686e-01 -1.98683679e-01  6.40877932e-02 -7.31364936e-02
   2.60086585e-04 -1.78195834e-01 -2.23820633e-03  2.02015697e-04
   5.70595600e-02  1.14132360e-01 -1.13504291e-01  1.18089058e-01
   9.46280435e-02  7.00155571e-02  4.82129939e-02  2.47698966e-02
  -3.33903432e-02 -1.07000247e-02 -1.37524948e-01  2.26967763e-02
  -6.53077587e-02  1.05717279e-01  5.18525764e-02 -8.57757404e-02
   8.86525139e-02  6.94050342e-02 -3.03309727e-02  7.98964426e-02
   7.05191046e-02 -1.78197958e-02  1.36139959e-01 -8.28521699e-03
   1.32710589e-02 -6.61618039e-02 -7.02083781e-02 -1.43403783e-02
  -1.87329408e-02  1.00828300e-03  1.27864137e-01  1.38945669e-01
  -1.08177848e-02 -7.28941932e-02 -1.62647311e-02  1.77054077e-01
  -3.16797122e-02  3.72682400e-02 -8.47735256e-02 -1.25211626e-01
   2.54286677e-02 -9.95760188e-02  2.00200379e-01 -3.55502665e-02
  -9.33042318e-02  1.07177541e-01  2.48997007e-02 -1.78881909e-03
  -1.22626625e-01  1.61830291e-01 -4.50995006e-03 -1.76386207e-01
   4.74518687e-02 -2.99849883e-02  2.68016639e-03  9.66590494e-02
  -1.20672502e-01  9.26498175e-02  3.61054554e-03  5.59599623e-02
   7.09757879e-02 -2.09519461e-01 -6.82091387e-03  4.62992452e-02
  -1.68841649e-02 -6.74852356e-02  4.17157412e-02  8.01747106e-03
   3.84810790e-02  1.59658734e-02 -4.96929474e-02 -2.92711928e-02
  -7.26645887e-02  3.10427323e-02 -1.23043127e-01  2.36405451e-02
  -1.16200186e-02  8.60145222e-03  1.17061123e-01  7.64306858e-02
  -3.77324745e-02 -5.91792837e-02  1.79870471e-01 -2.32016876e-01
   6.11108541e-02  1.11948945e-01 -5.05224466e-02 -2.27173902e-02]]
Ellie_10 [[-0.01270534  0.14662005 -0.0037743  -0.11307478 -0.10956557 -0.03697504
  -0.01510412 -0.04587569 -0.12270583 -0.00609596  0.0501672  -0.00887065
   0.05818814 -0.09498727  0.054271   -0.11175574 -0.00729308  0.13107179
  -0.23732363  0.06044826 -0.08159406  0.03567123  0.03407137 -0.21583597
   0.00393691  0.04585386 -0.09357223  0.00279081 -0.07923274 -0.03366311
  -0.0307318   0.06049682  0.10977101 -0.19181453  0.05509289 -0.0667258
   0.00671936 -0.18484491  0.00644345  0.01399416  0.05853636  0.12088183
  -0.13017027  0.11716718  0.09651316  0.04498796  0.02827685  0.03337018
  -0.05861716 -0.01118935 -0.13024591  0.02556561 -0.07483274  0.10366686
   0.03774657 -0.09016395  0.09455818  0.07249155 -0.03426443  0.07510728
   0.05212457 -0.01972377  0.13753201 -0.01768624  0.00224464 -0.06078777
  -0.08971694 -0.01375099  0.00273347  0.00818703  0.12550315  0.14455669
  -0.01315807 -0.08741164 -0.00883755  0.1837057  -0.02987718  0.02699571
  -0.09132073 -0.14563689  0.03723963 -0.08651624  0.20221332 -0.04566665
  -0.09626535  0.11108723  0.01191991 -0.00110214 -0.12674533  0.15203089
  -0.00794589 -0.16240261  0.05455093 -0.03953922 -0.01615357  0.08025328
  -0.10941385  0.07367777  0.00240215  0.03835271  0.07144329 -0.2013741
  -0.01848291  0.04276713 -0.03018196 -0.07435227  0.03088519  0.01349015
   0.05641219  0.02830219 -0.06546039 -0.02181206 -0.0659266   0.04586193
  -0.13465856  0.02000361 -0.00312313  0.0116725   0.10657614  0.07763798
  -0.02472975 -0.04719968  0.18499027 -0.22904924  0.05043169  0.10775514
  -0.05012803 -0.04121299]]
Ellie_11 [[ 0.00383281  0.14789377 -0.00895593 -0.11450209 -0.10167415 -0.03298175
   0.00267381 -0.05610002 -0.12140188  0.0028887   0.04685692 -0.0178639
   0.05623911 -0.08726609  0.05025477 -0.11041214 -0.0087374   0.13640466
  -0.23252062  0.06695785 -0.08365723  0.02982857  0.02446115 -0.21692628
   0.01298141  0.05132719 -0.08701756  0.01192585 -0.06743994 -0.05161146
  -0.03674511  0.05612963  0.11881325 -0.19740503  0.06131056 -0.06954399
   0.0025138  -0.18021527 -0.0015101   0.00475189  0.05569946  0.11586221
  -0.12081338  0.11720481  0.09251001  0.06405878  0.04346284  0.02836599
  -0.04184968 -0.01016058 -0.13600522  0.0250356  -0.06762256  0.10642564
   0.04764122 -0.08755322  0.08868324  0.07067926 -0.03027097  0.07729322
   0.06591151 -0.01879505  0.13787925 -0.01034066  0.00949495 -0.06441066
  -0.07517099 -0.01257437 -0.01531158  0.00319465  0.12900095  0.14242353
  -0.01138137 -0.07706307 -0.0125838   0.18069994 -0.03315334  0.03300083
  -0.08345564 -0.13064271  0.03099017 -0.09709942  0.20044151 -0.03769029
  -0.09367901  0.10855597  0.02059097 -0.00157298 -0.1251137   0.16024071
  -0.00564856 -0.17301731  0.04735079 -0.03348964 -0.00182009  0.09177013
  -0.11864624  0.08939223  0.00153769  0.0523031   0.068111   -0.20812683
  -0.00886583  0.04542389 -0.02003301 -0.0677773   0.0401669   0.01033954
   0.04324922  0.0217685  -0.05320641 -0.02726578 -0.07083013  0.03322867
  -0.12720795  0.02284572 -0.00898218  0.00868818  0.11231481  0.07744037
  -0.03445556 -0.05626373  0.18203755 -0.23285757  0.05675976  0.10915644
  -0.05057368 -0.02971241]]
Ellie_12 [[-1.19054876e-02  1.44369811e-01 -2.44540372e-03 -1.15424462e-01
  -1.21306300e-01 -3.61063182e-02 -2.37130485e-02 -4.47761267e-02
  -1.15310639e-01 -1.48943942e-02  4.50439900e-02 -1.75997447e-02
   5.13779819e-02 -1.04247123e-01  4.54498231e-02 -1.18481070e-01
  -5.53572597e-03  1.19054571e-01 -2.39773750e-01  4.79276925e-02
  -7.88550079e-02  4.02433276e-02  3.69523875e-02 -2.11770609e-01
  -3.01668915e-05  4.16533127e-02 -9.45980102e-02  4.12905263e-03
  -7.91352987e-02 -2.00528093e-02 -3.37931439e-02  6.35566562e-02
   1.07612483e-01 -1.89380288e-01  4.69975173e-02 -6.01814799e-02
   1.34741403e-02 -1.84823886e-01  7.31412135e-03  1.74105018e-02
   5.84945381e-02  1.20311044e-01 -1.37604937e-01  1.18487358e-01
   9.72060263e-02  3.52831483e-02  2.83460356e-02  3.70261334e-02
  -7.01375678e-02 -1.18631143e-02 -1.26489148e-01  2.65504681e-02
  -8.46346021e-02  1.07335828e-01  2.48342790e-02 -9.46088657e-02
   8.91548619e-02  7.11873993e-02 -3.63971181e-02  7.65069425e-02
   4.32562679e-02 -2.29667462e-02  1.31734714e-01 -1.84477307e-02
   6.15436397e-03 -5.27042784e-02 -9.60771367e-02 -1.46002080e-02
   9.62069631e-03  7.50043523e-03  1.23077542e-01  1.49820685e-01
  -1.64317954e-02 -9.75334793e-02 -6.24449551e-03  1.86535001e-01
  -2.48376727e-02  2.45155264e-02 -8.49997848e-02 -1.61877543e-01
   4.47082110e-02 -7.80219585e-02  2.07162425e-01 -4.66953106e-02
  -9.59260464e-02  1.17939301e-01 -1.92041555e-03  1.35923014e-03
  -1.31138623e-01  1.47177547e-01  6.74073061e-04 -1.57872379e-01
   5.46704233e-02 -4.08596359e-02 -1.67120136e-02  7.41274282e-02
  -9.96038169e-02  6.98207617e-02 -2.93933344e-03  2.66559720e-02
   6.21965416e-02 -1.99831381e-01 -2.54862886e-02  3.55370529e-02
  -2.72707436e-02 -8.16953555e-02  3.20370719e-02  1.90054234e-02
   5.72805479e-02  3.36873271e-02 -6.96555302e-02 -1.65205635e-02
  -6.45687357e-02  4.68849167e-02 -1.47832230e-01  2.40142941e-02
  -2.03137775e-03  7.49959890e-03  1.02169670e-01  7.57859796e-02
  -2.37345677e-02 -4.09080461e-02  1.79251179e-01 -2.27370918e-01
   4.63410281e-02  1.09222367e-01 -4.54037860e-02 -4.92471084e-02]]
Ellie_13 [[ 0.03287412  0.14462538 -0.01625152 -0.10594902 -0.05209289 -0.03089824
   0.05126559 -0.07417121 -0.12336935  0.03150454  0.0503132  -0.01968396
   0.06168034 -0.05005632  0.05320897 -0.09214361 -0.0167496   0.16283852
  -0.20881791  0.0949787  -0.08310682  0.01040968 -0.00096465 -0.21364304
   0.04275248  0.06463954 -0.07133023  0.02383962 -0.03925865 -0.11186332
  -0.04924283  0.03587045  0.13418847 -0.20119266  0.08529856 -0.08739404
  -0.01744581 -0.15576006 -0.01737971 -0.01821196  0.04908654  0.1023991
  -0.07721469  0.11030602  0.08414508  0.11719009  0.07403013  0.00920704
   0.01896507 -0.00843628 -0.14546354  0.01651449 -0.0331798   0.09637767
   0.08627351 -0.07032388  0.08208911  0.06476121 -0.02025116  0.07795522
   0.10554537 -0.00930554  0.1385282   0.00658296  0.02343234 -0.08468159
  -0.03081143 -0.00966464 -0.06021045 -0.00384869  0.13021247  0.11667638
  -0.00442555 -0.03473986 -0.02923517  0.15197712 -0.04365553  0.05158776
  -0.07694605 -0.06666116 -0.00212771 -0.12454429  0.18127514 -0.01882794
  -0.08444293  0.08762275  0.06195259 -0.00531204 -0.10542133  0.17517531
  -0.01305317 -0.19244507  0.0321717  -0.0154328   0.03192684  0.12352116
  -0.14626534  0.12202309  0.01123513  0.09301992  0.07859626 -0.2120263
   0.0231187   0.06002435  0.00037128 -0.03982063  0.05761897 -0.00710678
   0.01106608 -0.00522376 -0.01765608 -0.04527151 -0.08323398  0.00885706
  -0.0852659   0.01833939 -0.02365671  0.00949896  0.13024636  0.07754938
  -0.05541695 -0.08170937  0.17479645 -0.23145324  0.0747306   0.10940902
  -0.05635049  0.01530449]]
Ellie_14 [[-0.00885902  0.14583766 -0.00267956 -0.1145997  -0.11249423 -0.03622515
  -0.01482761 -0.04782433 -0.11929276 -0.00739849  0.04931654 -0.01454361
   0.0553701  -0.09824838  0.05108538 -0.11341616 -0.00788001  0.12975359
  -0.23624988  0.05823689 -0.0803274   0.03599469  0.03337158 -0.21552935
   0.00490645  0.04565237 -0.09315737  0.00516175 -0.07625733 -0.03421198
  -0.03334873  0.06019321  0.11176758 -0.19250834  0.05315227 -0.06535579
   0.00724009 -0.18398204  0.00556011  0.01311141  0.05756798  0.12000799
  -0.13085936  0.11810126  0.09616656  0.04680772  0.03120662  0.03414263
  -0.0589616  -0.01139124 -0.13124861  0.02575182 -0.07751223  0.10665686
   0.03604953 -0.0909669   0.08986621  0.07231473 -0.03335436  0.07578025
   0.05162009 -0.02026694  0.13463026 -0.01764012  0.00622046 -0.05889886
  -0.08836494 -0.0156296   0.00209659  0.00719232  0.12538828  0.14569576
  -0.01443466 -0.08747099 -0.0081671   0.18406656 -0.0268115   0.02827629
  -0.08831682 -0.1484136   0.03834625 -0.08493721  0.20456867 -0.04546134
  -0.09701117  0.11385024  0.00852958  0.00063033 -0.1270454   0.15268351
  -0.00389162 -0.16308601  0.0541051  -0.03757096 -0.01183149  0.0807189
  -0.10734478  0.07684138  0.00051376  0.03740469  0.06687039 -0.20315601
  -0.01918289  0.0410247  -0.02647665 -0.07557708  0.03306323  0.01551035
   0.05352821  0.02758558 -0.06517176 -0.02077017 -0.0673952   0.04253002
  -0.13722062  0.02182149 -0.00403543  0.00939567  0.10686712  0.07631537
  -0.0276957  -0.04773645  0.18221307 -0.22920313  0.05021972  0.10876482
  -0.04777232 -0.04244584]]
Ellie_15 [[-0.01236922  0.145064   -0.00187785 -0.11370435 -0.11858618 -0.03694842
  -0.02181976 -0.04518097 -0.1177262  -0.01139609  0.04732935 -0.0143171
   0.05415789 -0.10184113  0.04978728 -0.11583043 -0.00614551  0.12347854
  -0.23887767  0.05237556 -0.08015304  0.0380455   0.03641998 -0.21369943
   0.00103885  0.04267399 -0.0944372   0.00326065 -0.07968352 -0.02547201
  -0.03173658  0.06299502  0.1086022  -0.19012912  0.04926953 -0.06262832
   0.01037322 -0.18512003  0.00679949  0.01630274  0.05766054  0.12072201
  -0.13580598  0.11772047  0.09701476  0.03871972  0.02763144  0.03595971
  -0.06706459 -0.01173541 -0.1275486   0.02610068 -0.08160882  0.1063699
   0.0293296  -0.09241103  0.09018219  0.07241846 -0.03499548  0.07570416
   0.045383   -0.02130856  0.13343735 -0.01896565  0.00533882 -0.05572449
  -0.09372566 -0.01536389  0.0079343   0.00839378  0.1242745   0.14794359
  -0.01556668 -0.09342333 -0.00676067  0.18524174 -0.02533608  0.02491082
  -0.08737795 -0.1567023   0.04281487 -0.08006998  0.20624064 -0.04682056
  -0.09680358  0.11649771  0.00158706  0.00100291 -0.12960196  0.14914529
  -0.00228257 -0.15870535  0.05502085 -0.04041655 -0.01615578  0.07550727
  -0.10269458  0.07127248 -0.00101401  0.03068186  0.06484105 -0.20018356
  -0.02267658  0.03787704 -0.0284877  -0.07837847  0.0311593   0.01773144
   0.05757023  0.03234765 -0.06869128 -0.01778521 -0.06550049  0.04617998
  -0.14285119  0.02233621 -0.00229873  0.00971915  0.10358588  0.07687767
  -0.02419095 -0.04350683  0.18140143 -0.22824416  0.04670313  0.10835348
  -0.04637296 -0.04754266]]
Ellie_16 [[ 0.02726481  0.14566824 -0.01277986 -0.1141381  -0.07363634 -0.03280718
   0.02977622 -0.0689867  -0.12065227  0.01079221  0.04247617 -0.02932789
   0.05189633 -0.06698833  0.04277709 -0.11075416 -0.01616408  0.14419572
  -0.22827427  0.07192825 -0.08103707  0.02163298  0.00952426 -0.2133288
   0.0325672   0.06005558 -0.07889653  0.02487463 -0.04636645 -0.08154175
  -0.05134227  0.04624899  0.12624128 -0.20346756  0.07441892 -0.07966538
  -0.00323678 -0.16846609 -0.01293463 -0.01396146  0.05603215  0.10489095
  -0.09146821  0.11800471  0.09293492  0.08949533  0.07203802  0.01205594
  -0.00420005 -0.0063031  -0.14200525  0.01766897 -0.05495423  0.10243392
   0.06396957 -0.08151285  0.08617508  0.06424464 -0.02853506  0.08492753
   0.08642995 -0.01777543  0.13455439  0.00572453  0.0238976  -0.07253899
  -0.05131773 -0.01222152 -0.04420023 -0.00601446  0.12793104  0.13047633
  -0.01112446 -0.0592759  -0.02687016  0.16552272 -0.03640083  0.04795333
  -0.07470506 -0.10450172  0.01149669 -0.11519538  0.19188537 -0.02279133
  -0.08260802  0.09885181  0.03800401 -0.00489696 -0.12125587  0.166091
  -0.00035924 -0.1937109   0.04053904 -0.02274951  0.01788827  0.11249951
  -0.12945032  0.10761229  0.00399123  0.06907478  0.07275793 -0.21313456
   0.00655946  0.05028721 -0.00114082 -0.0633355   0.05235291 -0.00032574
   0.02145311  0.00556091 -0.02945549 -0.03707934 -0.08005708  0.01819005
  -0.11547197  0.027851   -0.01781125  0.00294365  0.1241672   0.07703915
  -0.04512642 -0.06477474  0.17276056 -0.23369846  0.07414003  0.11838236
  -0.05551048  0.00110814]]
Ellie_17 [[-0.00609559  0.14711818 -0.00449676 -0.11277471 -0.10776816 -0.03636813
  -0.00765897 -0.0489393  -0.12055837 -0.00073532  0.05193201 -0.01241604
   0.05796557 -0.09404555  0.05605036 -0.10851035 -0.00741037  0.13619806
  -0.23251128  0.06515431 -0.08288096  0.03244301  0.03057817 -0.21739815
   0.00759211  0.04861473 -0.0911704   0.00497049 -0.07538383 -0.04390459
  -0.03281569  0.0586567   0.11560076 -0.1929664   0.05669377 -0.0672575
   0.00237403 -0.1824703   0.0040033   0.01220004  0.05556012  0.12064631
  -0.12870064  0.11656368  0.09345871  0.05549542  0.03166241  0.03383143
  -0.05368544 -0.01294064 -0.13229002  0.02656196 -0.07105947  0.10700145
   0.04303199 -0.08791274  0.08956452  0.07380433 -0.03119426  0.07425913
   0.05819034 -0.01823244  0.13772139 -0.01838984  0.00635121 -0.06293725
  -0.08343244 -0.01457526 -0.00222277  0.00803055  0.1278023   0.14399955
  -0.01194425 -0.08173348 -0.00893874  0.18230689 -0.02966494  0.02874434
  -0.08996026 -0.13836174  0.03559068 -0.08818789  0.20321716 -0.04442349
  -0.09887149  0.11146367  0.01545663  0.00096059 -0.12388921  0.15697086
  -0.00832227 -0.1628326   0.051954   -0.03604412 -0.00800429  0.08456187
  -0.11345895  0.08202551  0.00260432  0.04552241  0.06891217 -0.20444432
  -0.01390883  0.04365596 -0.02728712 -0.06849695  0.03465883  0.01350436
   0.05111243  0.02554644 -0.06304666 -0.02390397 -0.06871601  0.0410714
  -0.12918685  0.0194041  -0.00622567  0.01165895  0.10984286  0.07784591
  -0.03072721 -0.05428774  0.18503594 -0.23124845  0.05003053  0.10659405
  -0.0472743  -0.03902021]]
Ellie_18 [[ 0.00046699  0.14677697 -0.00706397 -0.11469464 -0.10290979 -0.03466948
  -0.0023652  -0.05367448 -0.1208811  -0.00123917  0.04709455 -0.01783323
   0.05535993 -0.08980358  0.04977715 -0.112097   -0.00960455  0.13421403
  -0.23488143  0.06326033 -0.08187649  0.03135897  0.02697033 -0.21636835
   0.01117485  0.04944542 -0.08907419  0.01043072 -0.06911346 -0.04767175
  -0.03726183  0.05672343  0.11660697 -0.19590801  0.05927848 -0.06894316
   0.00418873 -0.1807628   0.00058883  0.00618522  0.05640895  0.11648772
  -0.12248521  0.11808328  0.09494548  0.05894294  0.04145657  0.02843933
  -0.04475093 -0.01065132 -0.13458078  0.02463722 -0.07060023  0.10624964
   0.04382748 -0.08866839  0.08911915  0.07088096 -0.03183958  0.07807353
   0.06229945 -0.01973425  0.13648991 -0.01193814  0.00966301 -0.06320525
  -0.07882518 -0.01391802 -0.01063008  0.00390027  0.12726969  0.1431686
  -0.01270207 -0.08045869 -0.01229467  0.18073557 -0.0313367   0.03256595
  -0.08463354 -0.13654695  0.03225645 -0.09388947  0.20185237 -0.03972464
  -0.094121    0.11012292  0.01719921 -0.00106358 -0.12577061  0.15745613
  -0.00455355 -0.17192617  0.04986728 -0.03431901 -0.00416953  0.08975711
  -0.11496422  0.08592713  0.00119078  0.04769513  0.06880696 -0.20750363
  -0.01185935  0.04409586 -0.02063456 -0.07073439  0.03845479  0.01144528
   0.0457162   0.02259918 -0.0562971  -0.02588027 -0.0704376   0.03629223
  -0.1309423   0.02318248 -0.00757421  0.00805313  0.11158852  0.07722086
  -0.03275097 -0.05320278  0.1820151  -0.23238005  0.0563683   0.11067263
  -0.05080798 -0.03153754]]
Ellie_19 [[ 4.01164731e-03  1.46159977e-01 -5.61465370e-03 -1.17032491e-01
  -1.03894539e-01 -3.52723561e-02 -4.48643463e-03 -5.42160161e-02
  -1.17912523e-01 -5.82403736e-03  4.46304232e-02 -2.22713221e-02
   4.99784574e-02 -9.27788392e-02  4.54661101e-02 -1.16091147e-01
  -1.00347633e-02  1.30127281e-01 -2.37290084e-01  5.64231053e-02
  -7.96609297e-02  3.34617384e-02  2.74451561e-02 -2.14691579e-01
   1.15484502e-02  4.95383926e-02 -8.96245912e-02  1.25865387e-02
  -6.72796592e-02 -4.31187749e-02 -4.11978848e-02  5.81494458e-02
   1.15434214e-01 -1.96641460e-01  5.69390543e-02 -6.73376694e-02
   7.51717947e-03 -1.80822462e-01  1.08759792e-03  6.17124140e-03
   5.88761345e-02  1.16252273e-01 -1.21846274e-01  1.19680963e-01
   9.63455066e-02  5.63447401e-02  4.33328450e-02  2.87988335e-02
  -4.71588336e-02 -9.96046700e-03 -1.33219853e-01  2.27671135e-02
  -7.51314387e-02  1.07836723e-01  3.88472266e-02 -9.08480287e-02
   8.88249353e-02  6.95235133e-02 -3.26142758e-02  8.06133673e-02
   5.93149774e-02 -2.21041702e-02  1.32861510e-01 -9.86988097e-03
   1.34636965e-02 -5.99293374e-02 -8.08763877e-02 -1.43220266e-02
  -8.57677124e-03  2.08509574e-03  1.26933917e-01  1.44516215e-01
  -1.36062456e-02 -8.56598094e-02 -1.38062052e-02  1.80317819e-01
  -2.76124403e-02  3.39567289e-02 -8.28285888e-02 -1.43788591e-01
   3.29366475e-02 -9.11862776e-02  2.04716176e-01 -3.90621126e-02
  -9.33421999e-02  1.12083144e-01  1.31585402e-02 -3.69435438e-04
  -1.29085004e-01  1.54440001e-01  9.50618938e-04 -1.71758637e-01
   5.08290827e-02 -3.41533795e-02 -3.29189096e-03  8.92821103e-02
  -1.10810541e-01  8.42640847e-02 -1.90565275e-04  4.20400240e-02
   6.58545196e-02 -2.07164541e-01 -1.46866171e-02  4.13771681e-02
  -1.78787597e-02 -7.56552294e-02  3.94270308e-02  1.19838472e-02
   4.48883772e-02  2.22753007e-02 -5.68546429e-02 -2.34027803e-02
  -7.01994076e-02  3.74447741e-02 -1.36383429e-01  2.61519067e-02
  -8.57086480e-03  6.65907469e-03  1.12224095e-01  7.67351016e-02
  -3.20537910e-02 -5.01156338e-02  1.78591058e-01 -2.31400445e-01
   5.70115782e-02  1.13130957e-01 -4.78138737e-02 -3.16512547e-02]]
Ellie_20 [[ 0.00112647  0.14574154 -0.006357   -0.11950976 -0.11170341 -0.03233106
  -0.00772608 -0.05186244 -0.11589231 -0.00843591  0.04338582 -0.02420376
   0.04739747 -0.09856014  0.04228397 -0.11714906 -0.00744161  0.12493652
  -0.23731361  0.05398826 -0.07977447  0.03724588  0.02912345 -0.21304181
   0.00783843  0.04793914 -0.0909353   0.01153868 -0.06840051 -0.03447745
  -0.03998666  0.05983698  0.11623036 -0.19543368  0.05262922 -0.06362703
   0.01071243 -0.18109791  0.00294618  0.0092293   0.05839239  0.11708245
  -0.12847345  0.12018663  0.09417511  0.05156884  0.04034024  0.03288446
  -0.05458435 -0.01132826 -0.1317914   0.02567323 -0.07761524  0.1092229
   0.03332011 -0.09380507  0.08604388  0.06893377 -0.03395956  0.07889971
   0.05601196 -0.02194122  0.13335708 -0.01255001  0.0108742  -0.05550823
  -0.08598801 -0.01368237 -0.00363325  0.00243071  0.12613767  0.14737561
  -0.01564009 -0.09135371 -0.0093041   0.18416327 -0.02819825  0.03119046
  -0.08193014 -0.15007734  0.03977611 -0.08633855  0.20587029 -0.03983893
  -0.0942318   0.11416339  0.00702354  0.00073747 -0.12972343  0.15393212
   0.00164136 -0.16766836  0.05065669 -0.03556356 -0.00546092  0.08560233
  -0.10706355  0.08151479 -0.00260417  0.03832789  0.06104365 -0.20656694
  -0.01902549  0.03857061 -0.01895194 -0.0765997   0.0375648   0.01550718
   0.04674959  0.02685677 -0.06134984 -0.0218866  -0.06632815  0.03777403
  -0.14159892  0.02644076 -0.00783111  0.00445509  0.10767279  0.07501134
  -0.03100442 -0.04788137  0.17828353 -0.22952135  0.05338276  0.11171687
  -0.04507008 -0.03827684]]
Ellie_21 [[ 0.00055993  0.1465189  -0.00596541 -0.11485989 -0.10883536 -0.03544274
  -0.00691913 -0.0526542  -0.11851408 -0.00475798  0.04565646 -0.01886929
   0.05412695 -0.09371858  0.04810046 -0.11472669 -0.00829929  0.13001579
  -0.23675387  0.05817266 -0.08147234  0.03371785  0.02889797 -0.21553881
   0.00919041  0.04781638 -0.09024347  0.01010729 -0.07095458 -0.04098725
  -0.03716426  0.05934233  0.11513088 -0.19605628  0.05543642 -0.06631336
   0.00767715 -0.1826575   0.00119418  0.00875283  0.05692917  0.11626549
  -0.12631463  0.11845256  0.09529947  0.05383092  0.03963738  0.03009851
  -0.05156742 -0.01013573 -0.1329019   0.02437595 -0.07497088  0.10731388
   0.03880636 -0.09024278  0.08822332  0.0706334  -0.03261041  0.07793342
   0.05662733 -0.0211336   0.1343319  -0.01231333  0.01058018 -0.05985043
  -0.08263026 -0.01424379 -0.00640305  0.00440956  0.12763456  0.14548251
  -0.01361541 -0.08479041 -0.01141972  0.18226089 -0.02829898  0.03091659
  -0.08354536 -0.14340134  0.03532996 -0.09066854  0.20433928 -0.0407919
  -0.094639    0.11325249  0.01135139 -0.00025907 -0.1288038   0.15488102
  -0.00071764 -0.16867942  0.05058658 -0.03596589 -0.00612743  0.08615107
  -0.11085442  0.08319236 -0.00063292  0.04211451  0.06503975 -0.20495515
  -0.01503659  0.04136258 -0.02099532 -0.07335319  0.03757986  0.01341743
   0.0480447   0.02556286 -0.05885454 -0.0231225  -0.06978279  0.03690756
  -0.13599844  0.02460744 -0.00663945  0.00767159  0.10979927  0.07674111
  -0.03059248 -0.05002684  0.17960751 -0.23174377  0.05408753  0.11097891
  -0.04796082 -0.0357353 ]]
Ellie_22 [[ 2.60988381e-02  1.43706754e-01 -1.06462473e-02 -1.17062323e-01
  -7.72351697e-02 -3.34867239e-02  2.38983203e-02 -6.73940107e-02
  -1.19275823e-01  6.31990470e-03  4.07585353e-02 -3.13056186e-02
   4.91972566e-02 -7.08649978e-02  3.99922617e-02 -1.15675695e-01
  -1.58068091e-02  1.39420763e-01 -2.32517004e-01  6.54078573e-02
  -7.90977478e-02  2.40725279e-02  1.24145066e-02 -2.12253943e-01
   3.01797986e-02  5.73058464e-02 -8.00851434e-02  2.50686612e-02
  -4.71945815e-02 -7.44262114e-02 -5.22493906e-02  4.86928895e-02
   1.25028253e-01 -2.03457057e-01  7.10708871e-02 -7.73962140e-02
   1.03196967e-03 -1.70900509e-01 -1.19865062e-02 -1.29552931e-02
   5.73886558e-02  1.04510337e-01 -9.41966623e-02  1.20540529e-01
   9.55238864e-02  8.34419504e-02  7.21618757e-02  1.20963007e-02
  -9.47918463e-03 -5.53095341e-03 -1.40731812e-01  1.66825019e-02
  -6.03090413e-02  1.03973858e-01  5.77308275e-02 -8.47497210e-02
   8.55968371e-02  6.48565143e-02 -2.99350563e-02  8.64634886e-02
   8.05694088e-02 -1.98935848e-02  1.32621720e-01  6.02628058e-03
   2.59165261e-02 -6.88128173e-02 -5.65877631e-02 -1.29705593e-02
  -3.97801511e-02 -6.26651570e-03  1.27360806e-01  1.33900493e-01
  -1.37297586e-02 -6.51849434e-02 -2.59283502e-02  1.66619524e-01
  -3.33831161e-02  4.81590629e-02 -7.44914338e-02 -1.14274874e-01
   1.48481801e-02 -1.11769848e-01  1.94783792e-01 -2.43285466e-02
  -8.29358399e-02  1.02724783e-01  3.21735255e-02 -4.19265078e-03
  -1.26280189e-01  1.62193120e-01  3.47490655e-03 -1.92986354e-01
   4.32865471e-02 -2.46886238e-02  1.56839620e-02  1.10166281e-01
  -1.24611832e-01  1.03926472e-01  2.35343352e-03  6.21264838e-02
   7.07357451e-02 -2.12382540e-01  1.53675128e-03  4.83399890e-02
   2.34886047e-05 -6.82161301e-02  5.09486943e-02  1.14697416e-03
   2.42694598e-02  7.58605357e-03 -3.31843570e-02 -3.46240588e-02
  -7.94615149e-02  2.02329848e-02 -1.22533001e-01  2.99175698e-02
  -1.66137423e-02  1.95897301e-03  1.21924445e-01  7.75025785e-02
  -4.13324162e-02 -6.05484210e-02  1.71833590e-01 -2.34110430e-01
   7.35560209e-02  1.20956041e-01 -5.44685908e-02 -1.74113957e-03]]
Ellie_23 [[ 0.01028744  0.14739114 -0.00896827 -0.11825125 -0.10501424 -0.03062204
   0.00385682 -0.05745102 -0.11692987 -0.00045113  0.0425499  -0.02666464
   0.04947367 -0.09201621  0.04267849 -0.11484604 -0.00846572  0.13037251
  -0.23298717  0.06105376 -0.08194812  0.03226141  0.02327379 -0.21451472
   0.01349073  0.05131563 -0.08670295  0.01626892 -0.06266949 -0.04837765
  -0.04140128  0.05673555  0.12130951 -0.19892381  0.05828386 -0.06620099
   0.00584973 -0.17867963 -0.00272546  0.00484872  0.05587888  0.11426838
  -0.12216782  0.11945061  0.09078043  0.06512558  0.04802928  0.03034899
  -0.04263048 -0.01036872 -0.1359373   0.02542052 -0.07075579  0.11025774
   0.0420005  -0.09098811  0.08421768  0.0686173  -0.03134516  0.07842076
   0.06482273 -0.0207039   0.13501166 -0.00884117  0.01473257 -0.05885515
  -0.0755939  -0.01214046 -0.01589359  0.00062378  0.12956533  0.14513262
  -0.01298416 -0.08230533 -0.01221755  0.18122117 -0.03137095  0.03428322
  -0.0781721  -0.13755861  0.03406077 -0.09447676  0.20396468 -0.03592916
  -0.09275562  0.11062928  0.01511834 -0.00024347 -0.12822334  0.15864615
   0.00070107 -0.17372943  0.04541959 -0.03208344  0.00301211  0.09270778
  -0.11515071  0.09102076 -0.00226521  0.04872842  0.06139558 -0.20909204
  -0.01104124  0.04209616 -0.01355781 -0.07039108  0.0427787   0.01201632
   0.03929313  0.02251981 -0.05238078 -0.02581808 -0.0705127   0.03053015
  -0.13448851  0.02678772 -0.0110685   0.00435634  0.11149321  0.07596911
  -0.0360027  -0.05484377  0.17811367 -0.2330004   0.05759825  0.1108216
  -0.04678537 -0.02992939]]
Ellie_24 [[ 0.0280298   0.14219314 -0.00836833 -0.12265065 -0.08048341 -0.03643107
   0.01619122 -0.06656989 -0.11465255 -0.00803235  0.03465392 -0.04161894
   0.04169852 -0.07492878  0.02794712 -0.12955053 -0.02152584  0.12513134
  -0.24320349  0.05083067 -0.07714929  0.03143797  0.0142163  -0.20689471
   0.03146138  0.05480433 -0.08480354  0.02760037 -0.04714148 -0.06282067
  -0.05978002  0.05392102  0.12072942 -0.20302711  0.06358898 -0.07565693
   0.01118412 -0.17318353 -0.0122729  -0.01807447  0.06175536  0.10181671
  -0.09425572  0.12433849  0.10040647  0.06740173  0.07853301  0.00927517
  -0.01287833 -0.00173666 -0.13592097  0.01344092 -0.07046179  0.10422476
   0.045231   -0.08974849  0.08521029  0.05935943 -0.03706444  0.09290999
   0.07257065 -0.02490604  0.12411995  0.01107691  0.03271296 -0.05945358
  -0.06275511 -0.01328976 -0.0326814  -0.01080154  0.12386203  0.1350529
  -0.01814771 -0.07492072 -0.02811129  0.16748646 -0.02740017  0.05009699
  -0.0683307  -0.13136493  0.01428418 -0.10911819  0.19937284 -0.02263739
  -0.07783818  0.10652663  0.01959074 -0.00625508 -0.13495967  0.15520631
   0.01818953 -0.19594397  0.04550034 -0.0272279   0.01325934  0.10582676
  -0.11345396  0.09773098 -0.00069337  0.04700529  0.07005128 -0.21137175
  -0.01091034  0.04182527  0.00645369 -0.08659055  0.05036479  0.00258141
   0.02309584  0.00873791 -0.03240281 -0.03202537 -0.07759762  0.02089147
  -0.14083047  0.03614287 -0.01444615 -0.00219807  0.12004896  0.0750295
  -0.03758608 -0.05121671  0.16377367 -0.23090321  0.0792015   0.12837514
  -0.05368914 -0.00417602]]
Ellie_25 [[ 0.008332    0.14698647 -0.00817497 -0.11219114 -0.08894497 -0.03593009
   0.01086885 -0.05794255 -0.12327351  0.00758475  0.05035525 -0.01520545
   0.05861902 -0.07994267  0.05511179 -0.10675922 -0.01086113  0.14490135
  -0.23020741  0.07205273 -0.08294706  0.02588623  0.02096431 -0.2178846
   0.01940294  0.05394148 -0.08539091  0.01245371 -0.06375963 -0.06565014
  -0.03984767  0.05201387  0.12116465 -0.19822963  0.06711327 -0.07407799
  -0.0027236  -0.17663859 -0.0027116   0.00133359  0.05548194  0.1145044
  -0.11129362  0.11718252  0.09316366  0.074838    0.04798153  0.0240608
  -0.02952414 -0.00980404 -0.13794094  0.02210051 -0.061144    0.10470787
   0.05615315 -0.08430483  0.09002896  0.07104046 -0.02948122  0.07853183
   0.07274811 -0.01732657  0.13863651 -0.00858753  0.01349983 -0.07044486
  -0.06834958 -0.01332847 -0.02137701  0.00295543  0.13040538  0.13692287
  -0.01048112 -0.0696748  -0.01812233  0.1738314  -0.03414369  0.03849193
  -0.08635469 -0.11863092  0.02331487 -0.10118861  0.19797306 -0.03501149
  -0.09280679  0.1050427   0.03068233 -0.00139737 -0.12221831  0.16206864
  -0.00859392 -0.17665645  0.04675655 -0.03028871  0.00413051  0.09889609
  -0.12482493  0.09419803  0.00486714  0.05948577  0.07357514 -0.20870721
  -0.00295278  0.0490131  -0.01755797 -0.06263869  0.04173491  0.00556628
   0.03959149  0.01562959 -0.04838733 -0.03051812 -0.07471669  0.03216438
  -0.11837909  0.02179123 -0.01172769  0.01009441  0.11768052  0.0793129
  -0.03706402 -0.06134221  0.18254995 -0.2341038   0.06056422  0.11107038
  -0.05172367 -0.01926957]]
Ellie_26 [[-0.00801465  0.1458995  -0.00286506 -0.11493101 -0.10339474 -0.03723527
  -0.00985882 -0.04862846 -0.12230608 -0.00287648  0.05040635 -0.01221982
   0.05597158 -0.09161257  0.05316403 -0.11343465 -0.00913663  0.13420947
  -0.23833278  0.06040179 -0.080733    0.03401113  0.03094328 -0.2156667
   0.00754195  0.0474393  -0.09150227  0.00501794 -0.07385213 -0.04069792
  -0.03419766  0.05830488  0.11268678 -0.19309793  0.05848383 -0.07004376
   0.00528868 -0.18250656  0.0049778   0.00847135  0.05897328  0.11917632
  -0.12362413  0.11840474  0.09631578  0.05212407  0.03540443  0.0291632
  -0.04990756 -0.01026251 -0.1321159   0.02365705 -0.0726615   0.10340742
   0.04083283 -0.08889688  0.09314235  0.07240965 -0.03435349  0.07762774
   0.05683026 -0.01900503  0.13722461 -0.01521304  0.00654208 -0.06316457
  -0.08417675 -0.01523955 -0.00286649  0.00534613  0.12594648  0.14157358
  -0.01405884 -0.0844641  -0.01238735  0.18073106 -0.02997565  0.0314487
  -0.09087268 -0.14216436  0.03422143 -0.08853243  0.20246252 -0.04215592
  -0.09498802  0.11024858  0.01515658 -0.0024336  -0.12699163  0.15333715
  -0.00614437 -0.16716234  0.05404261 -0.03701726 -0.01068094  0.08597919
  -0.11122883  0.0773223   0.00384765  0.04214328  0.07288018 -0.2043622
  -0.0158092   0.04502941 -0.02557306 -0.07372102  0.03354766  0.01209692
   0.0518403   0.02470931 -0.06037703 -0.0239764  -0.068352    0.04348684
  -0.13212654  0.02136001 -0.0058842   0.01155341  0.10989872  0.07918307
  -0.02769717 -0.0499046   0.18417718 -0.23091128  0.05450356  0.11003824
  -0.05143679 -0.03447789]]
Ellie_27 [[ 0.00992752  0.14768194 -0.00866079 -0.11357244 -0.09012183 -0.03402587
   0.01370489 -0.05931376 -0.12108588  0.00839351  0.0495219  -0.01904423
   0.05612698 -0.0810314   0.05314168 -0.10689739 -0.01188966  0.14500389
  -0.22811311  0.07280018 -0.08322841  0.02577571  0.01993598 -0.2182203
   0.01978848  0.05606491 -0.08549474  0.01387774 -0.06129655 -0.06686815
  -0.0405301   0.05203702  0.12348596 -0.19933285  0.06691385 -0.0739454
  -0.0033479  -0.17559682 -0.00351334  0.00045718  0.05513765  0.11430339
  -0.11194064  0.11703388  0.09180573  0.07757293  0.04906229  0.02517855
  -0.02809171 -0.01151909 -0.13865933  0.02357123 -0.06018564  0.10549518
   0.05669953 -0.08337962  0.08799703  0.07067633 -0.02866518  0.07800885
   0.07554853 -0.0166277   0.1382611  -0.00892024  0.01399557 -0.06910484
  -0.06596632 -0.01340108 -0.02262462  0.00179654  0.12969612  0.13705423
  -0.00936051 -0.06812549 -0.01681666  0.17467421 -0.0342347   0.03794967
  -0.08454371 -0.11844769  0.02318362 -0.1018482   0.19910909 -0.03456979
  -0.09430838  0.10433248  0.02957723 -0.00150443 -0.1198129   0.16432166
  -0.00745718 -0.1765625   0.04585318 -0.02901921  0.00641461  0.09944338
  -0.12456462  0.09691808  0.00474155  0.06151005  0.07163337 -0.21027003
  -0.00282099  0.04897727 -0.01598684 -0.06242175  0.04344539  0.00652545
   0.03572021  0.01429693 -0.04694593 -0.03097375 -0.0734726   0.02933328
  -0.11762714  0.02192457 -0.01318685  0.00902115  0.11843691  0.077541
  -0.04032318 -0.06342176  0.18166202 -0.23376772  0.06060086  0.10974203
  -0.05065145 -0.01978894]]
Ellie_28 [[ 0.02887021  0.14435057 -0.01236483 -0.11461052 -0.0710002  -0.03301642
   0.03087418 -0.06938916 -0.12068141  0.01060381  0.04190343 -0.0301822
   0.05030667 -0.06569472  0.04154978 -0.11114494 -0.0165811   0.14391088
  -0.22864911  0.07119028 -0.0800412   0.02148111  0.00874355 -0.21242914
   0.0338422   0.06000681 -0.07808641  0.02592781 -0.04465539 -0.08299162
  -0.05305823  0.04562569  0.12644179 -0.20357384  0.07472911 -0.08014994
  -0.0030131  -0.1673658  -0.01338766 -0.01534681  0.05670999  0.10389381
  -0.08870526  0.11862384  0.09390718  0.09043296  0.07473654  0.01080205
  -0.00161072 -0.00597924 -0.14236611  0.01619346 -0.05483042  0.10218118
   0.06405263 -0.0817969   0.08615815  0.06381061 -0.02871395  0.08600704
   0.08690666 -0.01853132  0.13370363  0.00697944  0.02521206 -0.07277441
  -0.05052669 -0.01259707 -0.0456529  -0.00707763  0.12747596  0.13004437
  -0.01159186 -0.05923386 -0.02817549  0.16413024 -0.03594648  0.04990778
  -0.07411335 -0.10390092  0.01019134 -0.11583817  0.19106604 -0.02184992
  -0.08141977  0.09865015  0.0391816  -0.00479352 -0.12166056  0.1654979
   0.00032233 -0.1953246   0.04033465 -0.02207674  0.01926235  0.1142811
  -0.12954623  0.10827924  0.00413486  0.0684981   0.07297324 -0.21345818
   0.00671671  0.05028387  0.00056391 -0.06382184  0.053107   -0.00135
   0.02014818  0.00415293 -0.02837844 -0.03736996 -0.08074768  0.01787965
  -0.11550351  0.02852295 -0.01829483  0.00222733  0.12452798  0.07721451
  -0.04498262 -0.06451844  0.17202088 -0.23358816  0.07536811  0.12019713
  -0.05583994  0.00379506]]
Ellie_29 [[-0.00061011  0.14546996 -0.00401567 -0.1171499  -0.1148432  -0.03438938
  -0.01095409 -0.05040215 -0.1155699  -0.00627513  0.04702    -0.02009691
   0.05244276 -0.09857612  0.04732889 -0.11572473 -0.00681474  0.12698996
  -0.23545434  0.05681606 -0.08112454  0.03591174  0.03074359 -0.21444625
   0.00699173  0.04620979 -0.09133517  0.00949475 -0.07178523 -0.03624897
  -0.03601121  0.06178348  0.11702997 -0.19412437  0.05161089 -0.06353079
   0.00939158 -0.18368617  0.0029094   0.01220946  0.05527684  0.11713601
  -0.13080686  0.11917339  0.09424496  0.05072732  0.03587349  0.03365327
  -0.0572242  -0.01154532 -0.13215086  0.02648115 -0.07733851  0.10966233
   0.0351774  -0.09116076  0.0843049   0.07203852 -0.03255143  0.07506999
   0.05304382 -0.02080509  0.1329337  -0.01497176  0.01108657 -0.05692148
  -0.0860545  -0.01462253 -0.0016847   0.00541368  0.12671115  0.14822417
  -0.01533974 -0.08743078 -0.00684429  0.18404774 -0.02593928  0.0293397
  -0.08377368 -0.1491311   0.0403066  -0.0866501   0.20643069 -0.04300909
  -0.0975513   0.11539165  0.00531928  0.00107563 -0.13039431  0.15376782
   0.00061336 -0.1641277   0.05137447 -0.03628923 -0.0068994   0.08248741
  -0.10712128  0.0807159  -0.00197395  0.03991181  0.06105164 -0.2040495
  -0.01739038  0.03924511 -0.02178367 -0.07367586  0.03549637  0.01642629
   0.04967863  0.02816451 -0.06327782 -0.02223338 -0.06841962  0.03724727
  -0.13970415  0.02463306 -0.00573599  0.00696891  0.10708787  0.07502615
  -0.03071043 -0.04986036  0.17975254 -0.23039107  0.05095223  0.10936284
  -0.04379391 -0.04110605]]
Ellie_30 [[ 0.00516996  0.14593148 -0.00669818 -0.11765107 -0.11126015 -0.03354757
  -0.00608536 -0.05442722 -0.1158397  -0.00668182  0.04184989 -0.02480847
   0.05069054 -0.09501956  0.04228833 -0.11874488 -0.00833875  0.12456367
  -0.23765317  0.05387066 -0.08098529  0.03455054  0.0277969  -0.21337122
   0.0101538   0.04704809 -0.08924298  0.01303906 -0.06797502 -0.03837392
  -0.0399815   0.05979658  0.11656788 -0.1962676   0.05406705 -0.06459499
   0.01046175 -0.18228404 -0.00099444  0.00704533  0.05623556  0.1143683
  -0.12650807  0.11997471  0.09536076  0.0537011   0.04458326  0.02974156
  -0.05125717 -0.00977925 -0.13304384  0.02449715 -0.0770708   0.10894044
   0.03533011 -0.09219316  0.08540998  0.06900397 -0.03314698  0.0794227
   0.05615712 -0.02219423  0.13226062 -0.00959484  0.01422433 -0.05640439
  -0.08195695 -0.01301627 -0.00861248  0.00234386  0.12699091  0.1472029
  -0.01500832 -0.08708068 -0.01113704  0.1825335  -0.02767937  0.03164691
  -0.07887347 -0.14760067  0.0368229  -0.09098236  0.2054211  -0.03893142
  -0.09306578  0.1152694   0.00731551 -0.00052962 -0.1320737   0.15362665
   0.00390969 -0.17108464  0.049128   -0.03567461 -0.0038801   0.08643264
  -0.10876485  0.08366524 -0.00336855  0.04045441  0.06140151 -0.20602113
  -0.01588723  0.03907125 -0.01649353 -0.07580899  0.03970889  0.01419442
   0.0450674   0.02645639 -0.05684461 -0.02292123 -0.07014797  0.03451703
  -0.14151758  0.02751074 -0.00738491  0.00468532  0.10871824  0.07603788
  -0.03125355 -0.04864338  0.17674613 -0.23195411  0.05537064  0.11252853
  -0.04677485 -0.03496392]]
Ellie_31 [[-1.18224705e-02  1.41485497e-01  6.50901522e-04 -1.17622353e-01
  -1.23393469e-01 -3.75376679e-02 -3.05901263e-02 -4.34217043e-02
  -1.11993611e-01 -2.01212168e-02  4.33571003e-02 -2.18094289e-02
   4.89198193e-02 -1.06880091e-01  4.15478051e-02 -1.24534488e-01
  -6.13844814e-03  1.14209607e-01 -2.43167669e-01  4.16958183e-02
  -7.58585185e-02  4.16198410e-02  3.85958441e-02 -2.08419085e-01
  -6.72227528e-04  3.84330265e-02 -9.61514339e-02  4.48203040e-03
  -7.82283098e-02 -1.38376812e-02 -3.52413431e-02  6.55827001e-02
   1.06074780e-01 -1.87290758e-01  4.40037996e-02 -5.84603399e-02
   1.81414839e-02 -1.85662821e-01  7.33304163e-03  1.70636587e-02
   5.82453571e-02  1.18311733e-01 -1.37472183e-01  1.21510088e-01
   9.89190117e-02  2.80064158e-02  2.98137628e-02  3.47660817e-02
  -7.26464614e-02 -1.02381371e-02 -1.24638095e-01  2.55192406e-02
  -8.93274620e-02  1.06494196e-01  1.90133825e-02 -9.56356600e-02
   8.64691436e-02  7.08984286e-02 -3.78144495e-02  7.75224939e-02
   3.69209312e-02 -2.43348479e-02  1.28150582e-01 -1.75992083e-02
   1.01844864e-02 -4.94994596e-02 -9.83246267e-02 -1.50573887e-02
   1.38043687e-02  7.02208932e-03  1.20315790e-01  1.49974480e-01
  -2.06908323e-02 -1.01161040e-01 -5.91228763e-03  1.85069829e-01
  -2.12581214e-02  2.56224461e-02 -8.35533515e-02 -1.70927301e-01
   4.73184958e-02 -7.49594420e-02  2.08715841e-01 -4.75066453e-02
  -9.49339047e-02  1.20612368e-01 -9.50061064e-03  1.07304740e-03
  -1.35682777e-01  1.41653582e-01  6.08006818e-03 -1.57492489e-01
   5.77195473e-02 -4.26176861e-02 -1.78709924e-02  7.16701671e-02
  -9.31624472e-02  6.56199008e-02 -5.11803431e-03  2.02452149e-02
   6.05000593e-02 -1.98995918e-01 -2.91656759e-02  3.39101888e-02
  -2.36685984e-02 -8.77436846e-02  3.02978028e-02  2.06213072e-02
   5.97135648e-02  3.53802703e-02 -7.16021657e-02 -1.47409532e-02
  -6.45864978e-02  4.71678860e-02 -1.55355573e-01  2.56859716e-02
  -2.37554268e-04  5.69433719e-03  1.00294195e-01  7.53082857e-02
  -2.11031381e-02 -3.65706421e-02  1.76294819e-01 -2.25632101e-01
   4.71733995e-02  1.11491017e-01 -4.49310243e-02 -5.15094064e-02]]
Ellie_32 [[-0.00711073  0.14463834 -0.00206641 -0.11735472 -0.12124281 -0.03511652
  -0.02076339 -0.0454498  -0.11380682 -0.01226146  0.04617059 -0.01826074
   0.0516613  -0.10423072  0.04623774 -0.11732964 -0.00469719  0.12183638
  -0.23731697  0.05061887 -0.07939544  0.03912906  0.03574877 -0.21256049
   0.00172676  0.04320852 -0.09341788  0.00596254 -0.07648991 -0.02319997
  -0.0347858   0.06400351  0.11110802 -0.19019394  0.04736085 -0.0595047
   0.01224333 -0.18514216  0.00665689  0.01653441  0.05731421  0.12071673
  -0.1371404   0.11849509  0.09460822  0.04029992  0.02861815  0.03759967
  -0.06903204 -0.01177419 -0.12839842  0.02721705 -0.08299085  0.10940772
   0.02752511 -0.09404708  0.08621231  0.07157899 -0.03417379  0.07523305
   0.04529511 -0.02244867  0.1323142  -0.01800088  0.0083227  -0.05350305
  -0.09321728 -0.01472299  0.00855592  0.00726884  0.12490855  0.14994046
  -0.01533916 -0.09513959 -0.00439719  0.18663053 -0.02360141  0.02570048
  -0.08545607 -0.16001627  0.04448087 -0.07893733  0.2082189  -0.04703748
  -0.09818177  0.11719958 -0.00061379  0.00259189 -0.13123092  0.1488134
   0.00160284 -0.15720665  0.05425227 -0.03931514 -0.01286051  0.0755182
  -0.10091558  0.07281852 -0.00286546  0.0300986   0.06019102 -0.20070265
  -0.02341106  0.0365421  -0.02584969 -0.07878594  0.03250962  0.01849854
   0.0557448   0.03216921 -0.06926309 -0.01809887 -0.06545812  0.04374311
  -0.14574398  0.02413509 -0.00329712  0.00799218  0.10372286  0.07551471
  -0.02632732 -0.04393018  0.17914999 -0.22744633  0.04647807  0.10739151
  -0.0418954  -0.04926936]]
Ellie_33 [[-0.00217323  0.1469877  -0.00847051 -0.11268656 -0.09060927 -0.0367353
   0.00433842 -0.05290632 -0.1251855   0.00517223  0.05168108 -0.01117772
   0.06095138 -0.08148056  0.0567065  -0.10709421 -0.0110895   0.14279565
  -0.23208204  0.07244179 -0.08254672  0.02819249  0.02495604 -0.21869771
   0.01511445  0.0524668  -0.08849026  0.00624767 -0.06920627 -0.05816344
  -0.03765341  0.05293311  0.11845262 -0.19547482  0.06487317 -0.07461353
  -0.00125364 -0.17811897  0.00140575  0.00325885  0.05727052  0.11724613
  -0.11556624  0.1160455   0.09526388  0.06683213  0.0408944   0.02592698
  -0.03471141 -0.01158045 -0.1366739   0.02325991 -0.06166683  0.1027385
   0.0527536  -0.0851264   0.0939043   0.0723323  -0.03189236  0.07795424
   0.07092874 -0.01661597  0.14071855 -0.01233689  0.0072859  -0.06927363
  -0.07404283 -0.01319413 -0.01298213  0.00494483  0.12781148  0.13784316
  -0.00911831 -0.07324797 -0.01492044  0.17627946 -0.03622765  0.03451476
  -0.09050751 -0.12217073  0.02485949 -0.09838127  0.19864173 -0.03896923
  -0.09507847  0.10391564  0.02974167 -0.00254138 -0.12066028  0.16054396
  -0.0122962  -0.17234237  0.04954564 -0.0326291  -0.00192676  0.09494346
  -0.12221178  0.08824318  0.00644888  0.05609349  0.07832744 -0.2071704
  -0.00755093  0.04946209 -0.02373696 -0.06468312  0.03770205  0.00691151
   0.04452772  0.01761815 -0.05385017 -0.03041279 -0.0713935   0.03932555
  -0.12048084  0.01887083 -0.00939771  0.01105676  0.11498988  0.07843798
  -0.03392272 -0.05803089  0.18560341 -0.23237789  0.05909766  0.10916
  -0.05431732 -0.02401727]]
Ellie_34 [[-0.00281302  0.14547454 -0.00463133 -0.11759765 -0.11831137 -0.03342357
  -0.01474321 -0.0497496  -0.11466444 -0.01164077  0.04302752 -0.02235759
   0.04807411 -0.10183552  0.04207947 -0.11871218 -0.00663954  0.12105714
  -0.23881514  0.05032894 -0.0798551   0.03942063  0.03201156 -0.21206008
   0.00436752  0.04542087 -0.09178624  0.01001865 -0.07277055 -0.02744816
  -0.03732908  0.06224677  0.11282895 -0.1944491   0.04896056 -0.06148101
   0.01305401 -0.18389289  0.0042356   0.01292298  0.05827663  0.11755233
  -0.13278085  0.11936809  0.09491928  0.04424901  0.03580078  0.03497846
  -0.06287046 -0.0107795  -0.1295936   0.02553328 -0.08251169  0.10948254
   0.02907598 -0.09430423  0.08631222  0.06938121 -0.03467285  0.07747836
   0.049491   -0.02308028  0.131335   -0.01468292  0.00921137 -0.05315518
  -0.09056475 -0.01444464  0.00141549  0.0040838   0.12501223  0.14983663
  -0.01564299 -0.094353   -0.00706497  0.18620896 -0.02539827  0.02716721
  -0.08143803 -0.15625235  0.04221372 -0.08345496  0.20679045 -0.04296623
  -0.09474628  0.11688663  0.001332    0.00128564 -0.13187687  0.15113585
   0.00345405 -0.16401842  0.05156441 -0.03756127 -0.01025969  0.07988887
  -0.10318737  0.07672922 -0.00394179  0.03252934  0.05900645 -0.20297506
  -0.02141688  0.03644792 -0.02196254 -0.0795486   0.03520626  0.01724944
   0.05077839  0.03061594 -0.06419156 -0.01869156 -0.06606483  0.04025947
  -0.14581257  0.02714352 -0.00553317  0.00542112  0.10457474  0.07473391
  -0.02761212 -0.04452826  0.17721969 -0.2284714   0.05065335  0.1108021
  -0.04406168 -0.04388017]]
Ellie_35 [[ 2.52903681e-02  1.45264164e-01 -1.16332266e-02 -1.15776718e-01
  -7.90284276e-02 -3.27382572e-02  2.41853651e-02 -6.75280467e-02
  -1.19695753e-01  6.89300615e-03  4.10717130e-02 -3.02765388e-02
   5.00955582e-02 -7.17827901e-02  4.09672782e-02 -1.13711201e-01
  -1.53727923e-02  1.40363649e-01 -2.31117934e-01  6.71927854e-02
  -8.01050887e-02  2.38710456e-02  1.23153273e-02 -2.13468686e-01
   2.93834861e-02  5.82267158e-02 -8.04018229e-02  2.42331885e-02
  -4.87165675e-02 -7.43802339e-02 -5.10277413e-02  4.82282378e-02
   1.24754541e-01 -2.03144610e-01  7.13645518e-02 -7.70350844e-02
  -8.15926323e-05 -1.70778424e-01 -1.17604854e-02 -1.15328692e-02
   5.73646836e-02  1.05566964e-01 -9.62648764e-02  1.19409844e-01
   9.40929055e-02  8.41414481e-02  6.94402829e-02  1.39260376e-02
  -1.07378755e-02 -6.46176329e-03 -1.41030058e-01  1.81753673e-02
  -5.93020357e-02  1.03943810e-01  5.84896393e-02 -8.43798444e-02
   8.62950236e-02  6.47265241e-02 -2.98640169e-02  8.55050236e-02
   8.12542588e-02 -1.93752144e-02  1.33782238e-01  4.20608511e-03
   2.38895565e-02 -6.92092031e-02 -5.64637482e-02 -1.24274194e-02
  -3.93734686e-02 -5.31032495e-03  1.27758339e-01  1.33536160e-01
  -1.22200018e-02 -6.47704452e-02 -2.52591651e-02  1.68307245e-01
  -3.46936323e-02  4.65263389e-02 -7.45580941e-02 -1.12949252e-01
   1.54494811e-02 -1.11549824e-01  1.94949627e-01 -2.50575934e-02
  -8.33662227e-02  1.01925731e-01  3.29409577e-02 -4.07668808e-03
  -1.24157511e-01  1.63708284e-01  2.10403884e-03 -1.92050740e-01
   4.21206988e-02 -2.44525671e-02  1.54095925e-02  1.09434031e-01
  -1.25653788e-01  1.04076639e-01  2.44049425e-03  6.36166111e-02
   7.06922114e-02 -2.12513462e-01  1.99853303e-03  4.83497679e-02
  -2.01708218e-03 -6.70486614e-02  5.12360223e-02  1.60728605e-03
   2.42886711e-02  8.07914138e-03 -3.33260931e-02 -3.46816815e-02
  -7.89734498e-02  2.02823486e-02 -1.21477798e-01  2.89949570e-02
  -1.64425336e-02  2.20528967e-03  1.21973783e-01  7.68203735e-02
  -4.25781161e-02 -6.14560395e-02  1.72571108e-01 -2.34415725e-01
   7.25285709e-02  1.18794687e-01 -5.44279777e-02 -3.53379059e-03]]
Ellie_36 [[ 0.03269778  0.09000317 -0.01171522 -0.04670725  0.0639847  -0.01508508
   0.12000483 -0.07543178 -0.11377127  0.12938826  0.07965913  0.0467944
   0.09221553  0.0417785   0.10957069  0.03037172 -0.02058289  0.22648953
  -0.06252622  0.19040231 -0.05737496 -0.03972697 -0.04836496 -0.15734465
   0.06931823  0.06777631 -0.02491942  0.00482683 -0.00203968 -0.21276255
  -0.01330936 -0.01670577  0.11389087 -0.13204809  0.10716511 -0.10272179
  -0.0858492  -0.06487948 -0.02028249 -0.02953938  0.00422593  0.07735717
   0.00582009  0.0622575   0.03376371  0.19868863  0.05811377 -0.01312821
   0.1159503  -0.0229644  -0.13094807  0.00871718  0.08383795  0.04986804
   0.16736339  0.00169716  0.04608892  0.06039729  0.02695736  0.01761625
   0.15959217  0.04588557  0.12956716 -0.01910555 -0.00310355 -0.13472538
   0.06644521 -0.01769864 -0.10399483  0.00478412  0.08599053  0.02949977
   0.04277249  0.08605253 -0.02581287  0.0481614  -0.05625091  0.05790092
  -0.10328425  0.11371435 -0.05738964 -0.12301264  0.08524068 -0.00600684
  -0.07163168  0.01006634  0.15711245 -0.01366785  0.00139765  0.16235271
  -0.08061236 -0.1222957   0.00147735  0.02048062  0.06743312  0.13454437
  -0.18700461  0.13408402  0.04691066  0.17546318  0.09480877 -0.15335408
   0.0927525   0.08687768 -0.00782921  0.0894343   0.04569109 -0.03155826
  -0.02112682 -0.06566551  0.02063564 -0.07218788 -0.06297906 -0.02954782
   0.07610151 -0.03486247 -0.04280715  0.04971642  0.12163638  0.05920017
  -0.08574771 -0.13136186  0.14809553 -0.15008536  0.06030746  0.03764701
  -0.06379584  0.06011848]]
Ellie_37 [[-0.00439921  0.14440262 -0.00449749 -0.11648538 -0.11657862 -0.03527146
  -0.01634311 -0.04887554 -0.11612709 -0.01106856  0.044096   -0.0200526
   0.05106893 -0.09965564  0.04412777 -0.11840136 -0.00661617  0.1222736
  -0.23945355  0.05100271 -0.07945633  0.03800206  0.03303696 -0.21256368
   0.00450328  0.04356525 -0.09204037  0.00871557 -0.07388538 -0.02874808
  -0.03615755  0.06175865  0.11141191 -0.19291534  0.05019142 -0.06277537
   0.01242803 -0.18429618  0.00432948  0.01219187  0.05754497  0.11740576
  -0.13231298  0.11940587  0.09661718  0.04254707  0.03584591  0.03287034
  -0.06123548 -0.01039891 -0.12919569  0.02529365 -0.08158475  0.10784417
   0.02979212 -0.0934195   0.08724209  0.07039043 -0.03472414  0.0776259
   0.04875088 -0.02279151  0.13194837 -0.01448908  0.00920262 -0.05524892
  -0.0903848  -0.01469842  0.00145682  0.00511744  0.12464826  0.14907631
  -0.01637731 -0.09324849 -0.00828746  0.18498562 -0.02569928  0.02824178
  -0.08320027 -0.15573566  0.04160425 -0.08436659  0.20573439 -0.04332798
  -0.09433143  0.11704827  0.00222762  0.00053562 -0.13214654  0.14974138
   0.00188049 -0.16423222  0.05263345 -0.03849284 -0.01166299  0.08002991
  -0.10395837  0.07595057 -0.0033842   0.03286745  0.06199342 -0.20300886
  -0.02102895  0.03741338 -0.02282217 -0.07888367  0.03478387  0.01658492
   0.05250491  0.03032145 -0.06451408 -0.01980853 -0.06740333  0.04149232
  -0.14514776  0.02604482 -0.00407064  0.00571612  0.10482742  0.07575516
  -0.02635474 -0.04367607  0.17867905 -0.22961922  0.05087989  0.11156277
  -0.0465056  -0.04275623]]
Ellie_38 [[ 0.01035815  0.14164437 -0.00556615 -0.12306268 -0.1044204  -0.03613654
  -0.00698019 -0.05621029 -0.11271576 -0.0154299   0.03692253 -0.03423017
   0.0432559  -0.09206054  0.03204262 -0.12972268 -0.01455049  0.11659094
  -0.24586786  0.04365513 -0.07704431  0.03841791  0.02654041 -0.20806497
   0.01531719  0.0463856  -0.09103107  0.01821512 -0.06191868 -0.03726497
  -0.04896605  0.06181186  0.11485489 -0.19763935  0.05214948 -0.06612289
   0.01735694 -0.18184991 -0.00188347 -0.00191049  0.06068404  0.10895707
  -0.11787185  0.12379032  0.10048094  0.0461154   0.05658373  0.0220739
  -0.04374967 -0.00541787 -0.13058174  0.01948261 -0.08212911  0.10774732
   0.02964322 -0.09477838  0.08503533  0.06384098 -0.03791343  0.08688398
   0.05444061 -0.02574546  0.12538718 -0.00178525  0.02249645 -0.05231858
  -0.0817883  -0.01423095 -0.00969877 -0.00322788  0.12293945  0.14555408
  -0.01939257 -0.09120865 -0.01647108  0.17838432 -0.02296145  0.03847094
  -0.07451055 -0.15525474  0.03178291 -0.09329052  0.20687364 -0.03447842
  -0.0866835   0.11561158  0.0029245  -0.0023926  -0.1388957   0.14803407
   0.01548074 -0.17934652  0.05125597 -0.03514128 -0.00228449  0.08831158
  -0.10217259  0.08221085 -0.00436753  0.0321411   0.06416138 -0.20642596
  -0.02247519  0.03647593 -0.00712325 -0.08944285  0.04028422  0.01172914
   0.04095256  0.02202275 -0.05169381 -0.0228256  -0.07025952  0.03237014
  -0.15264834  0.03359298 -0.0073292   0.00094214  0.1096042   0.07467065
  -0.02923347 -0.04248745  0.16916655 -0.2292008   0.06521989  0.12147671
  -0.0487779  -0.02832568]]
Ellie_39 [[-2.68449192e-03  1.46408051e-01 -4.61025629e-03 -1.16460077e-01
  -1.15245126e-01 -3.46717611e-02 -1.23407617e-02 -4.98354249e-02
  -1.15979187e-01 -8.83080158e-03  4.54265848e-02 -2.00573467e-02
   5.10160737e-02 -9.91229415e-02  4.59906496e-02 -1.16395742e-01
  -7.62663921e-03  1.25587851e-01 -2.37506136e-01  5.46494313e-02
  -8.08591172e-02  3.74268964e-02  3.14120986e-02 -2.13883087e-01
   6.16957014e-03  4.69535589e-02 -9.19689760e-02  8.97736289e-03
  -7.32752606e-02 -3.29707712e-02 -3.67863141e-02  6.12726174e-02
   1.13752834e-01 -1.94669083e-01  5.14510423e-02 -6.36378154e-02
   1.02610821e-02 -1.83671102e-01  3.81236640e-03  1.18691502e-02
   5.76944612e-02  1.17739357e-01 -1.30789563e-01  1.18913084e-01
   9.50071067e-02  4.78647090e-02  3.52427922e-02  3.36707309e-02
  -5.89903966e-02 -1.13371434e-02 -1.30813569e-01  2.56867595e-02
  -7.90608972e-02  1.08747408e-01  3.35501879e-02 -9.19865072e-02
   8.70605335e-02  7.05133975e-02 -3.40464339e-02  7.69237727e-02
   5.25847040e-02 -2.15793438e-02  1.32878259e-01 -1.50745045e-02
   9.15848743e-03 -5.59714586e-02 -8.75407234e-02 -1.45831555e-02
  -6.94341506e-05  4.59126197e-03  1.25825658e-01  1.47918269e-01
  -1.43161193e-02 -8.99766460e-02 -7.95515720e-03  1.85193613e-01
  -2.60394216e-02  2.81012766e-02 -8.36805701e-02 -1.50567740e-01
   3.94219570e-02 -8.57055858e-02  2.06078216e-01 -4.31201309e-02
  -9.61995274e-02  1.14939868e-01  5.33246621e-03  5.14784188e-04
  -1.29594564e-01  1.52806520e-01  1.07576733e-03 -1.64724261e-01
   5.17388396e-02 -3.65503654e-02 -9.24266037e-03  8.14745203e-02
  -1.06231675e-01  7.85066783e-02 -1.79228699e-03  3.70074771e-02
   6.24638870e-02 -2.03685001e-01 -1.89802237e-02  3.84119973e-02
  -2.32032929e-02 -7.69171566e-02  3.53199504e-02  1.59198474e-02
   5.02698012e-02  2.81715337e-02 -6.29769266e-02 -2.08464041e-02
  -6.68743178e-02  3.95039767e-02 -1.41137362e-01  2.53350195e-02
  -5.85676264e-03  7.03789201e-03  1.07147604e-01  7.48084337e-02
  -2.92438939e-02 -4.74578701e-02  1.79004595e-01 -2.29264930e-01
   5.15415929e-02  1.10020384e-01 -4.49654274e-02 -4.17109579e-02]]
Ellie_40 [[ 0.03537327  0.1441343  -0.01244781 -0.11064041 -0.05461729 -0.03480433
   0.04428835 -0.0740808  -0.12122738  0.0169866   0.04476013 -0.02979408
   0.05179095 -0.05366862  0.04433685 -0.10600676 -0.02091326  0.15129164
  -0.22234723  0.08061076 -0.08054279  0.01682586  0.00106592 -0.2116114
   0.04401841  0.06525572 -0.07552058  0.02751138 -0.03833    -0.10041582
  -0.05770454  0.03980884  0.12922326 -0.20350417  0.08141731 -0.08745684
  -0.00958962 -0.15904084 -0.01731045 -0.02221551  0.05560446  0.10067221
  -0.0737121   0.11676378  0.09262163  0.1030611   0.08249384  0.00447092
   0.01684861 -0.00585406 -0.14388     0.01232502 -0.04377234  0.09712445
   0.07601722 -0.07472687  0.08599126  0.06177397 -0.02766979  0.0865659
   0.10001201 -0.01571183  0.13219069  0.01132359  0.02873771 -0.07891754
  -0.03774706 -0.01245538 -0.05517454 -0.00986419  0.12646881  0.11905427
  -0.0094642  -0.04637305 -0.03425268  0.15383705 -0.0379905   0.05466468
  -0.07331143 -0.08327549 -0.00231964 -0.12376852  0.1838649  -0.01537706
  -0.07844877  0.09046129  0.0516169  -0.00807086 -0.11404204  0.16998142
  -0.00168177 -0.1986993   0.03713101 -0.01574158  0.02804345  0.12204692
  -0.13621785  0.11602099  0.00880613  0.07902633  0.07857598 -0.2132001
   0.01594049  0.05332172  0.00524348 -0.05857199  0.05616254 -0.0061684
   0.01090597 -0.0051599  -0.01793852 -0.04311477 -0.08313617  0.01220485
  -0.10150809  0.02564129 -0.02243821  0.00361468  0.13131556  0.07618091
  -0.05211183 -0.07258037  0.17005599 -0.23086685  0.0809823   0.12022796
  -0.05700203  0.01676542]]
Ellie_41 [[ 0.02272425  0.14615017 -0.00932602 -0.11280112 -0.06832524 -0.03400548
   0.03038512 -0.06794863 -0.12323333  0.0137745   0.04704133 -0.02483945
   0.0531049  -0.06612706  0.04825912 -0.10588522 -0.01766237  0.15118548
  -0.22600222  0.07761939 -0.08046782  0.01987379  0.00914601 -0.2149763
   0.03212276  0.06147832 -0.0794432   0.02120975 -0.04882252 -0.08595452
  -0.04966658  0.04353418  0.12587275 -0.20221117  0.07692519 -0.08273324
  -0.00832264 -0.16575974 -0.0109506  -0.01236282  0.05720508  0.10787259
  -0.08937848  0.11792852  0.0926187   0.09324347  0.06752742  0.0129354
  -0.00271185 -0.00794404 -0.14264275  0.01716262 -0.05140821  0.10017702
   0.06810574 -0.08018816  0.08960357  0.06571307 -0.02783085  0.08480274
   0.08910989 -0.01664473  0.13598871  0.00180305  0.0209005  -0.07578418
  -0.05032139 -0.0128888  -0.041217   -0.00429248  0.12865792  0.12665854
  -0.01028948 -0.05676178 -0.02767404  0.1629082  -0.03760979  0.04851955
  -0.08017747 -0.09993716  0.00908677 -0.11301344  0.19002059 -0.02432356
  -0.08459231  0.09723151  0.04348838 -0.00492967 -0.1157767   0.16789876
  -0.00589677 -0.19122061  0.04218774 -0.02180261  0.01888548  0.11417489
  -0.13163096  0.10697082  0.00768961  0.07043587  0.07660592 -0.2136881
   0.00719343  0.05253227 -0.00410971 -0.06060866  0.05135512 -0.00141915
   0.02216976  0.00268155 -0.03134838 -0.0366385  -0.07918975  0.02087051
  -0.10813875  0.02362851 -0.01892052  0.00690361  0.1254529   0.07808527
  -0.04568981 -0.06799128  0.17580101 -0.23309413  0.07262149  0.11621121
  -0.05579936  0.00109356]]
Ellie_42 [[ 7.70282513e-03  1.47260725e-01 -7.25408550e-03 -1.16507627e-01
  -1.01436242e-01 -3.37951928e-02  2.39659590e-03 -5.73811047e-02
  -1.18339643e-01 -2.39412067e-03  4.40077297e-02 -2.39550006e-02
   5.01608625e-02 -8.95167962e-02  4.45083790e-02 -1.14922591e-01
  -1.10081499e-02  1.32062495e-01 -2.35597625e-01  6.01207875e-02
  -8.14302638e-02  3.23073789e-02  2.41776463e-02 -2.14911655e-01
   1.49589470e-02  5.19646704e-02 -8.80470946e-02  1.49962585e-02
  -6.43117130e-02 -4.97528948e-02 -4.24464196e-02  5.64574748e-02
   1.18751623e-01 -1.98860899e-01  5.95239960e-02 -6.89867288e-02
   5.37501648e-03 -1.79552183e-01 -1.93818321e-03  2.88149365e-03
   5.79476245e-02  1.13985978e-01 -1.18192568e-01  1.19311698e-01
   9.49875042e-02  6.27101734e-02  4.80826907e-02  2.72371192e-02
  -4.04885225e-02 -9.94067173e-03 -1.35611102e-01  2.33625490e-02
  -7.15536624e-02  1.07916310e-01  4.34528589e-02 -8.95082131e-02
   8.75841677e-02  6.82862550e-02 -3.24598216e-02  8.09547901e-02
   6.51304275e-02 -2.06695031e-02  1.33588895e-01 -7.92986155e-03
   1.47221405e-02 -6.10426702e-02 -7.56849125e-02 -1.40245939e-02
  -1.51241450e-02  2.36697539e-04  1.27543405e-01  1.42744839e-01
  -1.23592457e-02 -8.02532285e-02 -1.44434394e-02  1.79600671e-01
  -2.98357215e-02  3.47471684e-02 -8.04228410e-02 -1.36066005e-01
   3.00544295e-02 -9.60469395e-02  2.03252703e-01 -3.60954963e-02
  -9.18145925e-02  1.09958239e-01  1.65866893e-02 -1.54400175e-03
  -1.27355948e-01  1.58260122e-01  1.00320415e-03 -1.76051930e-01
   4.79888506e-02 -3.18523273e-02  1.96468085e-04  9.27477628e-02
  -1.14748143e-01  8.88773799e-02  3.22497421e-04  4.81116697e-02
   6.64467514e-02 -2.08515868e-01 -1.12614725e-02  4.25819419e-02
  -1.55975269e-02 -7.35365972e-02  4.13903818e-02  1.05007868e-02
   4.01241183e-02  2.03157496e-02 -5.17448820e-02 -2.59966664e-02
  -7.10319355e-02  3.26300040e-02 -1.33468583e-01  2.69785225e-02
  -1.02901356e-02  5.80512593e-03  1.13509811e-01  7.58208334e-02
  -3.54897566e-02 -5.37605397e-02  1.77756697e-01 -2.32046261e-01
   6.03256188e-02  1.13510489e-01 -4.91961837e-02 -2.73764767e-02]]
Ellie_43 [[-0.01045282  0.14753544 -0.00315118 -0.11262999 -0.11728217 -0.03582467
  -0.01542742 -0.04626675 -0.11862763 -0.00494928  0.05089276 -0.01159177
   0.05720274 -0.09967977  0.05478248 -0.11030177 -0.00555173  0.1304916
  -0.23433447  0.06082154 -0.08304217  0.03535531  0.03404828 -0.21624258
   0.00263123  0.04595633 -0.09245057  0.00281838 -0.07955053 -0.03281521
  -0.02963452  0.06177158  0.11210305 -0.19179603  0.0517603  -0.06340505
   0.00622393 -0.18465428  0.00562194  0.01661421  0.05622594  0.12167672
  -0.1357458   0.1163762   0.09318011  0.04711049  0.025604    0.03684056
  -0.0644031  -0.0126453  -0.12987265  0.02777138 -0.07648426  0.10760628
   0.03682862 -0.08992722  0.08934006  0.07399475 -0.0325273   0.07249282
   0.0504875  -0.01939963  0.13651156 -0.02096203  0.00348137 -0.05904723
  -0.08961989 -0.01498181  0.00455231  0.00919516  0.12673528  0.14701
  -0.01297528 -0.08715177 -0.00523541  0.18618001 -0.02721514  0.02469425
  -0.08929671 -0.14702314  0.04089298 -0.08268648  0.20440283 -0.0472207
  -0.09986034  0.1142088   0.00776966  0.00157154 -0.12545314  0.15402193
  -0.00645055 -0.15750687  0.05301875 -0.03846936 -0.01302261  0.07804339
  -0.10853691  0.07643902  0.00049269  0.03866176  0.06495747 -0.20120426
  -0.01819158  0.04035633 -0.03018147 -0.07188737  0.03165171  0.01652468
   0.05574123  0.03048222 -0.06772133 -0.02029133 -0.06621962  0.04291045
  -0.13416962  0.01979321 -0.00409508  0.01175127  0.10597861  0.07682889
  -0.02770601 -0.049705    0.18356648 -0.2294397   0.04532658  0.1050616
  -0.04494388 -0.04704319]]
Ellie_44 [[ 0.0038379   0.14583318 -0.00685203 -0.11959542 -0.11017086 -0.03169313
  -0.00507902 -0.05325788 -0.1158874  -0.00672195  0.04296745 -0.02511358
   0.04730356 -0.09740224  0.04177531 -0.11674859 -0.00742237  0.125736
  -0.23638266  0.05494361 -0.08005969  0.036255    0.02745902 -0.21311557
   0.00919037  0.04870383 -0.09001894  0.0129379  -0.06671868 -0.03742391
  -0.04050759  0.05928798  0.11791134 -0.19659819  0.0535744  -0.06386682
   0.01039592 -0.18059355  0.00155745  0.00845285  0.05780634  0.11619394
  -0.1274755   0.12012099  0.09352755  0.05475824  0.04238208  0.03219887
  -0.05210938 -0.01134512 -0.13293259  0.02542443 -0.07650118  0.10990233
   0.03463641 -0.09334247  0.08507806  0.06894791 -0.03297538  0.07884289
   0.05751549 -0.02196925  0.13337146 -0.01126666  0.01214168 -0.05590594
  -0.08404809 -0.01327702 -0.00648679  0.00189727  0.12692691  0.14715801
  -0.01548678 -0.0898011  -0.00985313  0.18367171 -0.02877633  0.03174832
  -0.08047734 -0.1480274   0.03896556 -0.08808843  0.20574825 -0.03890095
  -0.09378389  0.11385486  0.00813913  0.00061703 -0.13005608  0.15481618
   0.00214067 -0.16895124  0.04923391 -0.03478349 -0.00321641  0.0874337
  -0.10869505  0.08397238 -0.00289165  0.04019397  0.06014907 -0.20711364
  -0.01757678  0.03897915 -0.01720015 -0.07502754  0.03910951  0.01498238
   0.04493236  0.02617696 -0.05971098 -0.02255673 -0.06729843  0.0357095
  -0.14074293  0.02690414 -0.00851997  0.00394542  0.108259    0.07519636
  -0.03216013 -0.04931587  0.17786005 -0.23058648  0.05425017  0.11179565
  -0.04496297 -0.03655475]]
Ellie_45 [[ 1.70454793e-02  1.47951543e-01 -1.13633992e-02 -1.07665159e-01
  -7.31189921e-02 -3.03459335e-02  3.61459889e-02 -6.33101538e-02
  -1.21638261e-01  3.04527227e-02  6.05310276e-02 -1.02444030e-02
   6.70115650e-02 -6.59309998e-02  6.71438128e-02 -8.73576254e-02
  -1.30536379e-02  1.67642236e-01 -2.08315253e-01  9.86352935e-02
  -8.71689320e-02  1.39463944e-02  8.79415311e-03 -2.21552655e-01
   2.99314614e-02  6.49680868e-02 -7.88230300e-02  1.35573158e-02
  -5.42813092e-02 -9.88650545e-02 -3.61668281e-02  4.33338173e-02
   1.35504663e-01 -1.98793113e-01  7.86026716e-02 -8.00456405e-02
  -1.81448273e-02 -1.65483072e-01 -7.98472110e-03 -3.30147031e-03
   4.52758111e-02  1.10922568e-01 -9.94128957e-02  1.11053146e-01
   8.21380541e-02  1.07224107e-01  4.94848043e-02  2.18216497e-02
  -5.18541830e-03 -1.36431884e-02 -1.45332500e-01  2.57734321e-02
  -3.80443335e-02  1.02259934e-01  8.40537250e-02 -7.24417865e-02
   8.22936371e-02  7.21240565e-02 -1.90506317e-02  6.80884793e-02
   9.37460512e-02 -6.16094656e-03  1.44916028e-01 -1.08797411e-02
   1.27694719e-02 -8.18355307e-02 -4.38409522e-02 -1.27127357e-02
  -4.06921208e-02  3.85377347e-03  1.31730631e-01  1.25118375e-01
  -2.09742086e-03 -3.98762450e-02 -1.56866908e-02  1.64777026e-01
  -3.89959514e-02  4.21901755e-02 -8.89236778e-02 -7.88048804e-02
   1.20296963e-02 -1.12776004e-01  1.88641399e-01 -3.12711522e-02
  -9.80558917e-02  9.21569318e-02  5.11989221e-02 -4.12943016e-04
  -1.02380633e-01  1.77152216e-01 -2.05099303e-02 -1.75785094e-01
   3.80441137e-02 -2.02823170e-02  2.04789881e-02  1.10561922e-01
  -1.41930491e-01  1.13926195e-01  1.24458419e-02  9.06746164e-02
   7.48538226e-02 -2.09624231e-01  1.66797172e-02  5.94933815e-02
  -1.49321072e-02 -3.66047472e-02  4.73128669e-02 -5.93352561e-05
   2.46942993e-02  2.40531447e-03 -3.68564576e-02 -3.97753119e-02
  -7.74405003e-02  1.54658286e-02 -8.49859640e-02  1.28370021e-02
  -2.00138092e-02  1.49341403e-02  1.26214847e-01  7.59041607e-02
  -5.36337756e-02 -8.39476883e-02  1.84003726e-01 -2.30726317e-01
   6.09693304e-02  9.92391482e-02 -4.96362187e-02 -8.06912500e-03]]
Ellie_46 [[ 0.03845267  0.1440692  -0.0173976  -0.10237707 -0.03041259 -0.02887865
   0.07015914 -0.07876534 -0.12444943  0.0387998   0.05091827 -0.02127733
   0.05637688 -0.03688673  0.05344421 -0.08236402 -0.02310141  0.1694515
  -0.19858259  0.10516834 -0.08119947  0.00686112 -0.0132458  -0.20948693
   0.05143614  0.07349278 -0.06706338  0.02599203 -0.03126514 -0.12657781
  -0.05535882  0.02572444  0.13408752 -0.20100707  0.09135343 -0.09545385
  -0.02573526 -0.14140843 -0.0208074  -0.02532113  0.05394502  0.10073321
  -0.0578953   0.10837872  0.07937142  0.13170622  0.08170046  0.00188172
   0.03814692 -0.01027862 -0.14881952  0.01208957 -0.02039885  0.08947611
   0.09969667 -0.06619582  0.08664702  0.06048489 -0.01943669  0.0796959
   0.12243415 -0.00599264  0.13641594  0.00910479  0.02010044 -0.0905794
  -0.01738943 -0.00976087 -0.06995413 -0.0094299   0.12750353  0.102556
  -0.00082018 -0.02552811 -0.0365303   0.1407027  -0.04954423  0.05611576
  -0.07663632 -0.04357529 -0.01496271 -0.13005131  0.16780628 -0.00940144
  -0.07712357  0.07495528  0.07935522 -0.0089722  -0.0916762   0.1797145
  -0.01756403 -0.19418114  0.02603843 -0.00500086  0.04156168  0.13407002
  -0.151535    0.1295459   0.01575421  0.10004472  0.08255336 -0.2111288
   0.03081711  0.0612641   0.00431199 -0.03419791  0.06314547 -0.01352657
  -0.00181518 -0.01657893 -0.00644085 -0.04851742 -0.08258893  0.00381228
  -0.06776912  0.01675819 -0.0315164   0.00879822  0.13395967  0.0749952
  -0.06284518 -0.08740586  0.16919982 -0.22360063  0.08099486  0.10619742
  -0.05891895  0.02916206]]
Ellie_47 [[ 0.02927869  0.14560725 -0.0123012  -0.11728393 -0.07734896 -0.03173037
   0.02736161 -0.06922655 -0.11892309  0.00885829  0.04046107 -0.03021323
   0.04931339 -0.07154492  0.04059584 -0.11305955 -0.01587072  0.14123838
  -0.22892937  0.06716155 -0.08008102  0.02283251  0.01066679 -0.212943
   0.03087486  0.05913137 -0.07907453  0.02577007 -0.04632933 -0.0783732
  -0.05298718  0.04867867  0.12765653 -0.2054088   0.07143274 -0.07700763
  -0.00082695 -0.169834   -0.01236451 -0.01250614  0.05743448  0.10412381
  -0.0949924   0.11817966  0.09244961  0.08881679  0.07104316  0.0135622
  -0.00904022 -0.00599218 -0.14256132  0.01618241 -0.05796227  0.10518296
   0.05965503 -0.08476479  0.08451019  0.06357675 -0.02822821  0.08579421
   0.08393367 -0.01949303  0.1327121   0.00606785  0.02602856 -0.06810863
  -0.05443143 -0.01251344 -0.0410062  -0.00648448  0.12954278  0.13295235
  -0.01055366 -0.0639952  -0.02465649  0.16620268 -0.03400117  0.04781507
  -0.07207406 -0.11077693  0.01337527 -0.11242775  0.1962574  -0.02433263
  -0.08473726  0.10222997  0.03461472 -0.00303746 -0.12518236  0.16430017
   0.00317905 -0.19159055  0.04007737 -0.02405912  0.01916357  0.11084285
  -0.1257318   0.10549199  0.0020724   0.06463709  0.06883484 -0.21153279
   0.0018516   0.04971819  0.00082719 -0.06501707  0.05238193  0.00114626
   0.02158676  0.00722932 -0.0307096  -0.0340498  -0.07944579  0.01812517
  -0.11960804  0.02926989 -0.01786222  0.00213489  0.12236273  0.07606653
  -0.0437149  -0.06308416  0.17096327 -0.23468776  0.07388465  0.11726774
  -0.05226471 -0.00051048]]
Ellie_48 [[ 3.98050807e-03  1.47850066e-01 -5.10063581e-03 -1.15278460e-01
  -1.02511063e-01 -3.47734466e-02  1.08808291e-03 -5.46657965e-02
  -1.19077764e-01  3.28036817e-03  5.06455190e-02 -1.75366234e-02
   5.65926470e-02 -8.98599997e-02  5.36961704e-02 -1.09748811e-01
  -9.92921647e-03  1.39462754e-01 -2.30728045e-01  6.77973777e-02
  -8.31537098e-02  2.88798325e-02  2.53020786e-02 -2.18240947e-01
   1.27476389e-02  5.21555468e-02 -8.83143693e-02  1.02987327e-02
  -6.79242015e-02 -5.41921221e-02 -3.67716216e-02  5.61181717e-02
   1.21153988e-01 -1.96869627e-01  6.05822876e-02 -6.95532486e-02
   1.04827713e-03 -1.79703012e-01 -1.37772106e-04  7.08983140e-03
   5.42368628e-02  1.16133749e-01 -1.21632226e-01  1.17666751e-01
   9.22029987e-02  6.69598058e-02  4.00810800e-02  2.96888519e-02
  -4.24644500e-02 -1.13066109e-02 -1.37005225e-01  2.51300503e-02
  -6.74199983e-02  1.07636467e-01  4.92949523e-02 -8.67261812e-02
   8.67616311e-02  7.22873881e-02 -2.92717759e-02  7.57595301e-02
   6.41369596e-02 -1.77488849e-02  1.37087166e-01 -1.34184388e-02
   1.23187648e-02 -6.39895052e-02 -7.50379637e-02 -1.43777756e-02
  -1.23466644e-02  4.64867614e-03  1.29528075e-01  1.41648337e-01
  -1.13628181e-02 -7.57505521e-02 -1.11496914e-02  1.78973854e-01
  -2.99578086e-02  3.37265879e-02 -8.60567093e-02 -1.31637603e-01
   3.13600563e-02 -9.40730646e-02  2.02482507e-01 -4.01193239e-02
  -9.74445567e-02  1.09638155e-01  1.91824604e-02 -2.23039551e-05
  -1.24194540e-01  1.59916520e-01 -5.44642424e-03 -1.69653252e-01
   4.86618280e-02 -3.28268558e-02  5.27974800e-04  9.12776366e-02
  -1.17048994e-01  8.89555365e-02  2.51324358e-03  5.27157411e-02
   6.73067346e-02 -2.07651466e-01 -8.99734162e-03  4.59568128e-02
  -1.97258219e-02 -6.55066818e-02  3.91849615e-02  1.12359319e-02
   4.41303514e-02  2.07690131e-02 -5.53185977e-02 -2.67956946e-02
  -7.16041699e-02  3.25318016e-02 -1.24859326e-01  2.07338668e-02
  -9.59315337e-03  1.01311784e-02  1.13684148e-01  7.67759532e-02
  -3.60631831e-02 -5.86923584e-02  1.81382447e-01 -2.33187690e-01
   5.52992821e-02  1.07755035e-01 -4.68455739e-02 -3.08309402e-02]]
Ellie_49 [[ 0.01726084  0.14679773 -0.00955411 -0.11016163 -0.07394663 -0.03490262
   0.02672088 -0.06433093 -0.12327899  0.01728857  0.052152   -0.01780799
   0.05974836 -0.06925725  0.05702482 -0.10038591 -0.01527447  0.15469083
  -0.22202645  0.08324646 -0.0836316   0.01952901  0.01222055 -0.21895579
   0.02914363  0.05998026 -0.08141151  0.01679123 -0.05490683 -0.08632956
  -0.04334452  0.0459854   0.12780184 -0.20059139  0.07504632 -0.08063346
  -0.01016695 -0.1690487  -0.00816958 -0.00613202  0.05293627  0.11105865
  -0.0978364   0.11471226  0.09092538  0.09240845  0.05711889  0.01879769
  -0.00927127 -0.01097514 -0.14210397  0.02073888 -0.04973299  0.10161041
   0.06984071 -0.07783097  0.08743752  0.06937968 -0.0251107   0.07908975
   0.08677026 -0.01372545  0.13877918 -0.00413231  0.01742463 -0.07680394
  -0.05265129 -0.01321265 -0.03571688  0.00066222  0.12957484  0.12824844
  -0.00771169 -0.05371635 -0.02258961  0.1664906  -0.0367488   0.04346317
  -0.0841632  -0.0977314   0.01223806 -0.11115809  0.19283842 -0.02920906
  -0.091245    0.09823941  0.04258759 -0.00221717 -0.1134797   0.16971217
  -0.01116072 -0.18353008  0.04197467 -0.02341697  0.01539963  0.10911629
  -0.13310477  0.10640024  0.00922701  0.07419391  0.07668011 -0.21152458
   0.00744137  0.05352747 -0.01102611 -0.05425578  0.04755206  0.0010984
   0.02763931  0.00579986 -0.0368158  -0.03682289 -0.078114    0.02275127
  -0.10362453  0.01944755 -0.01662896  0.01060788  0.12486304  0.0784011
  -0.04657177 -0.07171698  0.18055288 -0.23327275  0.06649446  0.11075239
  -0.05374699 -0.00603176]]
Ellie_50 [[ 0.12324125  0.01529362 -0.01328073  0.00900163  0.18396325  0.0026757
   0.17010485 -0.08930606 -0.02864301  0.10146707  0.00941172 -0.0117316
  -0.00589532  0.13710876  0.00224626  0.02789507 -0.06364644  0.10381726
   0.02990396  0.11785907  0.00321048 -0.05240303 -0.10381965 -0.01590096
   0.1089066   0.06273682  0.03632117  0.06032761  0.09898737 -0.2036173
  -0.08003084 -0.06359563  0.04560403 -0.05596415  0.09340656 -0.09206025
  -0.07462167  0.06489544 -0.06412165 -0.09241348  0.00238909 -0.01194536
   0.1765268   0.01102354 -0.0011861   0.19464904  0.15794754 -0.08253118
   0.21684681  0.00341518 -0.06847513 -0.03598162  0.12073155 -0.01387997
   0.14530927  0.05244654  0.00108184 -0.00708555  0.009044    0.03495523
   0.17383078  0.03701292  0.01992772  0.05821573  0.05708691 -0.10521208
   0.14111799 -0.00573947 -0.13202083 -0.05456385  0.00223673 -0.07175664
   0.02248693  0.12299138 -0.09403349 -0.10012655 -0.03318132  0.07476675
   0.00519607  0.182128   -0.12671307 -0.09855218 -0.03756939  0.08304125
   0.04268097 -0.07208555  0.16028479 -0.05029223  0.02735924  0.07100013
  -0.00564331 -0.10198065 -0.03353854  0.05288348  0.1389579   0.13553864
  -0.1355294   0.1213386   0.04301812  0.11441357  0.05213893 -0.07263774
   0.09255902  0.04221287  0.10689326  0.06328141  0.06808636 -0.04617824
  -0.11041804 -0.10795213  0.13031828 -0.06786889 -0.05668196 -0.09516272
   0.08927444 -0.00920877 -0.05368176  0.00081107  0.09934862  0.01963734
  -0.08431352 -0.07290666  0.00266234 -0.03302507  0.11521865  0.03378532
  -0.02230601  0.15862368]]
