Marley_1 [[ 1.28061980e-01 -8.47743377e-02 -4.24854644e-02  4.40294445e-02
   1.07338831e-01  1.20122936e-02  4.16893736e-02 -2.58790627e-02
   1.25513151e-01 -9.62925628e-02 -1.35861114e-01 -1.36790887e-01
  -1.38538107e-01  8.53013620e-02 -2.00737029e-01 -7.26610050e-02
  -2.90128458e-02 -2.19569609e-01  3.65995280e-02 -1.69923946e-01
   5.68038709e-02 -2.06216890e-02 -5.62853068e-02  1.54608786e-01
   5.17097153e-02 -2.46432275e-02  6.03399314e-02  8.32028240e-02
   1.24192744e-01  7.16458783e-02 -1.12372041e-01 -4.56945971e-02
  -5.14987558e-02  7.40054026e-02 -3.98394205e-02  4.36848775e-02
   7.44978487e-02  1.09431744e-01 -4.25366536e-02 -8.98994729e-02
   1.17363656e-04 -1.28481060e-01  1.67256042e-01 -4.25325669e-02
  -4.58406731e-02 -5.43364324e-02  1.32930920e-01 -8.91202167e-02
   7.39801526e-02  4.54449765e-02  8.56203586e-02 -5.36420271e-02
  -2.32846830e-02 -5.70365898e-02 -7.30516016e-02  2.66113710e-02
  -5.97053915e-02 -1.08747169e-01 -2.49280240e-02  4.87720519e-02
  -2.78618746e-02 -6.24864921e-02 -1.70830473e-01  1.24683447e-01
   7.16747120e-02  9.59784538e-02  7.03174546e-02  5.55694140e-02
  -5.29813766e-02 -6.48321807e-02 -6.58005774e-02 -9.62768123e-02
  -4.76415083e-02 -1.89688914e-02 -7.72738308e-02 -1.26962870e-01
   4.89877686e-02  3.62881385e-02  1.84588864e-01  5.12395333e-03
  -7.35714808e-02  1.35817593e-02 -1.11046761e-01  1.03947267e-01
   1.37358487e-01 -7.36538768e-02 -6.87616393e-02 -1.66646522e-02
  -1.66514721e-02 -1.11837558e-01  1.54729873e-01 -2.11503245e-02
  -4.37223390e-02  5.08529879e-02  5.91772944e-02 -2.74017081e-03
   1.00596868e-01 -1.29444767e-02 -3.99206392e-02 -1.03333622e-01
  -9.90364254e-02  1.10422023e-01 -4.12559398e-02 -6.86293468e-02
   1.50832027e-01 -1.03436224e-01  6.10194393e-02 -2.37662699e-02
  -1.25634059e-01 -2.86737010e-02  1.29183158e-01  3.02720033e-02
  -3.41423135e-03 -7.19463974e-02 -4.86191921e-02  7.39265606e-02
  -2.51133181e-02 -9.14962292e-02 -3.47749144e-02 -7.34864622e-02
   1.85689926e-02  9.01949480e-02 -2.08992839e-01  1.41196743e-01
   5.25409989e-02  1.90796871e-02  6.45749643e-02  1.19101003e-01]]
Marley_2 [[ 0.11707583 -0.08762016 -0.04697179  0.03924408  0.09028392  0.01199805
   0.02113895 -0.01883581  0.12524794 -0.10840732 -0.14100653 -0.13686383
  -0.1393569   0.07152835 -0.20392276 -0.0849001  -0.02373416 -0.22892441
   0.02138281 -0.18460102  0.05816859 -0.01379534 -0.05168032  0.15907472
   0.04164302 -0.03053038  0.05866725  0.079238    0.11560655  0.09146503
  -0.10746205 -0.03786633 -0.05558527  0.07613708 -0.05046669  0.04949762
   0.09064727  0.09874043 -0.0381864  -0.08117893  0.0049009  -0.12621368
   0.14790443 -0.03979731 -0.04394116 -0.08006857  0.12043563 -0.08922227
   0.05602647  0.04527698  0.09426174 -0.05390116 -0.03735732 -0.05383984
  -0.08805826  0.02001237 -0.06085745 -0.10775075 -0.02879037  0.05027832
  -0.04609513 -0.0669413  -0.17321873  0.11747175  0.06787577  0.10890605
   0.05232481  0.06061814 -0.04418831 -0.05769344 -0.0643462  -0.08751524
  -0.05370062 -0.03753665 -0.07312496 -0.11397948  0.04996075  0.02902663
   0.18475983 -0.02297112 -0.06177235  0.02065523 -0.10361943  0.09674533
   0.1318285  -0.06212043 -0.08573186 -0.00988351 -0.02564467 -0.12081428
   0.16280107 -0.01916245 -0.038697    0.04789679  0.04172367 -0.01521448
   0.11799125 -0.02969114 -0.04664163 -0.1178036  -0.10579222  0.11643919
  -0.05265826 -0.07767124  0.14147326 -0.11664075  0.0533072  -0.02086247
  -0.11445172 -0.01567136  0.11573721  0.03898686  0.00434725 -0.05990853
  -0.06362443  0.07568306 -0.01910867 -0.09149703 -0.0455001  -0.07129267
   0.02693933  0.09988496 -0.21170132  0.13690354  0.04429413  0.02063543
   0.0597716   0.10504434]]
Marley_3 [[ 0.10742646 -0.09317086 -0.04700715  0.04102022  0.07765405  0.01278444
   0.00857144 -0.01084608  0.12926531 -0.11559054 -0.14260334 -0.13451865
  -0.13981843  0.06309832 -0.20014502 -0.08418118 -0.01736355 -0.2381385
   0.02484007 -0.19333422  0.0585577  -0.0110915  -0.04617202  0.16346672
   0.03238668 -0.03767986  0.05870492  0.07406454  0.10865907  0.10579628
  -0.09781943 -0.03325754 -0.06102894  0.08072378 -0.0570969   0.05805963
   0.09622163  0.09863773 -0.03449693 -0.06979889  0.00609598 -0.12485384
   0.13480249 -0.0409849  -0.04466911 -0.09335143  0.10590518 -0.08511407
   0.04111633  0.04337712  0.09839576 -0.05316089 -0.04361695 -0.05781755
  -0.0952102   0.01901677 -0.0585841  -0.10527638 -0.02537783  0.04361681
  -0.0576544  -0.0682912  -0.17408773  0.10918067  0.06340075  0.11259838
   0.04665957  0.06144361 -0.03421661 -0.05227514 -0.06736064 -0.08392463
  -0.05275204 -0.04418541 -0.06610464 -0.11053348  0.05223427  0.02354154
   0.18482527 -0.03439551 -0.05322377  0.03104986 -0.10334009  0.09285851
   0.12421354 -0.06014251 -0.09544866 -0.00522981 -0.0240748  -0.12605788
   0.16207603 -0.00805665 -0.03648733  0.04944771  0.03452063 -0.02642439
   0.1275623  -0.04068175 -0.05235078 -0.12794517 -0.10933072  0.12651797
  -0.05686181 -0.08046391  0.13186775 -0.11593391  0.04930402 -0.01742425
  -0.10443805 -0.00686899  0.10646344  0.04635766  0.01129854 -0.0540957
  -0.06674709  0.07473986 -0.01808682 -0.09133989 -0.05357824 -0.07406323
   0.03321977  0.10601342 -0.21522301  0.14098883  0.03218165  0.0137835
   0.06321254  0.09387888]]
Marley_4 [[ 0.10217489 -0.09516475 -0.04619311  0.04431026  0.07754061  0.01306551
   0.0051395  -0.00844445  0.12986673 -0.11344343 -0.14132228 -0.13086736
  -0.1401389   0.06307343 -0.19776    -0.08112639 -0.01691276 -0.2393822
   0.02729465 -0.19351533  0.06205761 -0.01070221 -0.04419066  0.16647434
   0.02921762 -0.0387282   0.05902802  0.07194463  0.10832625  0.10803606
  -0.09302019 -0.03551787 -0.06271409  0.0855634  -0.05809472  0.05740168
   0.09529284  0.10006626 -0.03101972 -0.06690623  0.00598386 -0.12424493
   0.13377684 -0.0446223  -0.04793864 -0.09740596  0.10119321 -0.08352701
   0.03977066  0.04224794  0.10271204 -0.05157132 -0.04443371 -0.05843883
  -0.09808508  0.02293317 -0.06071594 -0.10595226 -0.02660373  0.04211267
  -0.06027463 -0.06817327 -0.174901    0.1072636   0.05974908  0.11294334
   0.04458913  0.06167211 -0.03123047 -0.04976985 -0.06946901 -0.08661293
  -0.05279472 -0.04604791 -0.06326904 -0.11345548  0.05425001  0.01839226
   0.1836429  -0.03489963 -0.05059898  0.03311966 -0.10592723  0.09100448
   0.12439349 -0.06177495 -0.09808902 -0.00495088 -0.02254483 -0.13094598
   0.15931696 -0.0008329  -0.03465724  0.04816495  0.02852757 -0.03140685
   0.1308801  -0.04600175 -0.05156714 -0.12801906 -0.11070384  0.13065486
  -0.05592539 -0.08099318  0.13014846 -0.11409696  0.04560178 -0.01642145
  -0.10174879 -0.00513699  0.1036984   0.04708173  0.01509392 -0.05203039
  -0.06391003  0.07257671 -0.01522681 -0.08869634 -0.0562887  -0.07512573
   0.03260969  0.10744082 -0.21464182  0.14398016  0.02917809  0.01169491
   0.06478219  0.09176557]]
Marley_5 [[ 0.11182726 -0.08992036 -0.04746074  0.03985538  0.0855352   0.01290131
   0.01424059 -0.01335158  0.12604898 -0.11038443 -0.14010207 -0.13531029
  -0.13878997  0.06677175 -0.20250027 -0.08422519 -0.0228658  -0.2331535
   0.02186964 -0.18816316  0.06039478 -0.01228691 -0.04605966  0.16123906
   0.03616873 -0.03415729  0.05939379  0.07776587  0.11261948  0.09848844
  -0.1028304  -0.03564233 -0.05874081  0.08014964 -0.05352728  0.05343189
   0.09304102  0.09751847 -0.03567305 -0.07554717  0.0054013  -0.12470226
   0.1411322  -0.04051148 -0.04350348 -0.08857094  0.11522109 -0.08820663
   0.04854686  0.04352448  0.09968693 -0.05282445 -0.04011982 -0.05455745
  -0.09398459  0.02024578 -0.0617961  -0.10626901 -0.02824835  0.04867796
  -0.05341554 -0.06869203 -0.1750026   0.11423095  0.06641807  0.11140469
   0.04873339  0.06095815 -0.03881169 -0.05441228 -0.06511494 -0.08697338
  -0.0565957  -0.04125676 -0.07091524 -0.11238783  0.05182201  0.02658225
   0.18274201 -0.03162009 -0.05628411  0.02570545 -0.10378765  0.09356443
   0.12999186 -0.05782733 -0.09181194 -0.00826229 -0.02612924 -0.12480089
   0.16296206 -0.01320803 -0.03594909  0.04554042  0.03570771 -0.02087632
   0.12414078 -0.03539889 -0.04752755 -0.12279487 -0.10820703  0.12231687
  -0.05561234 -0.08039637  0.1386873  -0.11723059  0.04947383 -0.01953208
  -0.11070698 -0.0129352   0.10990851  0.04098766  0.0071221  -0.05758007
  -0.06673305  0.07522015 -0.0172661  -0.09005998 -0.05143271 -0.07229004
   0.03041901  0.10311765 -0.21140622  0.13730156  0.03719197  0.01878662
   0.05980986  0.09906092]]
Marley_6 [[ 0.10665306 -0.09459029 -0.04574206  0.04409778  0.08479059  0.01395853
   0.01135666 -0.01122745  0.12929024 -0.10875954 -0.14003746 -0.13145496
  -0.14034885  0.06794419 -0.19837378 -0.07937877 -0.01927573 -0.23553517
   0.02945776 -0.18926612  0.06268015 -0.01251944 -0.04623829  0.16539572
   0.03245194 -0.03591019  0.06015158  0.07381226  0.11176999  0.10125095
  -0.09663939 -0.03864411 -0.06049103  0.08411963 -0.05459546  0.05515279
   0.09107749  0.10296775 -0.03268577 -0.07099104  0.00472448 -0.1259014
   0.14026016 -0.04570978 -0.04887718 -0.08973075  0.10593361 -0.0850796
   0.04785415  0.0424794   0.10219127 -0.05184285 -0.03953422 -0.05824379
  -0.09437287  0.02538599 -0.06139987 -0.10726173 -0.02643841  0.0434908
  -0.05381504 -0.06705695 -0.17589055  0.11071143  0.06099809  0.111182
   0.04935534  0.06253428 -0.03576374 -0.0521038  -0.06910942 -0.09005187
  -0.05237541 -0.04124204 -0.06661967 -0.11811971  0.05325258  0.02066553
   0.1836913  -0.0270147  -0.05467518  0.02963751 -0.10850374  0.09289709
   0.1275974  -0.06421883 -0.0923449  -0.00666249 -0.02070624 -0.12843259
   0.15854956 -0.00438132 -0.03533528  0.04806288  0.03325366 -0.02685363
   0.12586612 -0.04139976 -0.04883386 -0.12240092 -0.10974044  0.12877533
  -0.05329505 -0.07944109  0.13362405 -0.11138053  0.04673247 -0.01866558
  -0.10687152 -0.01055908  0.10813856  0.04336582  0.01278863 -0.05575508
  -0.0593405   0.07131038 -0.01655258 -0.08852217 -0.05389898 -0.07570665
   0.02948225  0.10471498 -0.21416588  0.14365849  0.03217849  0.01265991
   0.06490498  0.09718874]]
Marley_7 [[ 0.1234253  -0.08641321 -0.04604844  0.04223614  0.09933575  0.01233832
   0.03284791 -0.02279774  0.12599634 -0.10385727 -0.1397619  -0.1370283
  -0.13989395  0.07720444 -0.2018587  -0.0777963  -0.02566657 -0.2229384
   0.03082784 -0.1765437   0.05563817 -0.01787901 -0.05724784  0.15778801
   0.04597991 -0.02642176  0.06194436  0.08067577  0.11909337  0.08171483
  -0.10938054 -0.04274319 -0.0544907   0.07481465 -0.04501541  0.04798794
   0.08222461  0.10612489 -0.04112809 -0.08696835  0.00197119 -0.12848824
   0.15812726 -0.04341382 -0.04602969 -0.06557491  0.12371677 -0.08754497
   0.06641396  0.04761796  0.08819717 -0.05329735 -0.02943113 -0.05682462
  -0.07750219  0.02467644 -0.05890081 -0.10897262 -0.02523676  0.04767487
  -0.03485242 -0.06325319 -0.17131874  0.11895804  0.06756315  0.10200201
   0.06262158  0.06037661 -0.04936217 -0.0624209  -0.06583381 -0.0924627
  -0.04685151 -0.02626309 -0.07446441 -0.12079127  0.04746244  0.03198622
   0.18624425 -0.00409152 -0.06995444  0.01726738 -0.1106818   0.10140589
   0.13407238 -0.07181709 -0.07477646 -0.01220544 -0.01827021 -0.11606639
   0.15799998 -0.02039733 -0.04414025  0.05250041  0.05203693 -0.00915666
   0.10836963 -0.02144249 -0.04349845 -0.1096957  -0.10401279  0.11430204
  -0.0451967  -0.07318623  0.14341226 -0.10934123  0.05692133 -0.0229935
  -0.12031718 -0.0221497   0.12393002  0.03648414  0.00308658 -0.06561283
  -0.05193898  0.07475629 -0.02334353 -0.09160937 -0.03947858 -0.07390217
   0.0216613   0.09418502 -0.2131384   0.14267394  0.04924661  0.01734037
   0.06510422  0.11231253]]
Marley_8 [[ 1.22054920e-01 -8.55484903e-02 -4.58549932e-02  3.81638706e-02
   1.00897774e-01  1.17509272e-02  2.78401524e-02 -2.16666125e-02
   1.23055838e-01 -1.01987302e-01 -1.39722839e-01 -1.37126133e-01
  -1.38111949e-01  7.59106800e-02 -2.04547808e-01 -8.27544630e-02
  -2.81179007e-02 -2.23804355e-01  2.08716244e-02 -1.78762212e-01
   5.95823638e-02 -1.69072300e-02 -5.03761359e-02  1.56976894e-01
   4.62621748e-02 -2.70961430e-02  5.96572906e-02  8.21103081e-02
   1.20897815e-01  8.26965272e-02 -1.12521231e-01 -4.09583077e-02
  -5.32861054e-02  7.30586275e-02 -4.49538268e-02  4.61380519e-02
   8.45097676e-02  9.98400971e-02 -4.06091437e-02 -8.56017694e-02
   5.34366164e-03 -1.26892582e-01  1.56117335e-01 -3.94152366e-02
  -4.31988314e-02 -7.19557703e-02  1.27469733e-01 -9.00180638e-02
   6.59842491e-02  4.54113409e-02  9.34571475e-02 -5.37284873e-02
  -3.23712006e-02 -5.21361344e-02 -8.56491253e-02  2.25678105e-02
  -6.03831336e-02 -1.07538551e-01 -2.84090340e-02  5.40423840e-02
  -3.81264202e-02 -6.69683143e-02 -1.73571661e-01  1.22630596e-01
   6.83643147e-02  1.06807999e-01  5.89025393e-02  6.09893277e-02
  -4.96945269e-02 -6.15717769e-02 -6.12674169e-02 -9.12476033e-02
  -5.33218123e-02 -3.28625515e-02 -7.67752379e-02 -1.19283497e-01
   4.89566624e-02  3.28493379e-02  1.83445662e-01 -1.59169994e-02
  -6.66672587e-02  1.58237424e-02 -1.05289079e-01  9.85602885e-02
   1.35744706e-01 -6.17244393e-02 -7.94498697e-02 -1.19467881e-02
  -2.49504056e-02 -1.16974607e-01  1.61083773e-01 -2.31983550e-02
  -3.79443765e-02  4.67466228e-02  4.59631272e-02 -9.17951949e-03
   1.10303618e-01 -2.44654734e-02 -4.29648310e-02 -1.11490071e-01
  -1.03062496e-01  1.12206765e-01 -5.00249974e-02 -7.50807151e-02
   1.47574589e-01 -1.15423314e-01  5.53562902e-02 -2.45799944e-02
  -1.21458948e-01 -2.24030800e-02  1.20389417e-01  3.35082486e-02
   1.31033114e-04 -6.41787723e-02 -5.95132448e-02  7.45835304e-02
  -2.06591301e-02 -8.99101272e-02 -4.14935201e-02 -7.17195943e-02
   2.31535733e-02  9.75292325e-02 -2.08094478e-01  1.33639053e-01
   4.80687022e-02  2.40457617e-02  5.93800843e-02  1.11168645e-01]]
Marley_9 [[ 0.10344216 -0.09443882 -0.04715887  0.04316613  0.07945488  0.01134633
   0.00819171 -0.00874395  0.12916467 -0.11168498 -0.14039665 -0.13143736
  -0.14007647  0.06534698 -0.19875392 -0.08156972 -0.01837396 -0.23901533
   0.02570736 -0.19179402  0.06200197 -0.01144169 -0.04481324  0.1653587
   0.03141281 -0.03748175  0.05871367  0.07353888  0.10971434  0.1051526
  -0.0949348  -0.03550803 -0.06127792  0.08572911 -0.05735461  0.05552879
   0.0947712   0.09929018 -0.03178539 -0.06810479  0.00553337 -0.1245488
   0.13654011 -0.04287089 -0.04721142 -0.09662027  0.10552333 -0.08529376
   0.04219528  0.04143619  0.10310163 -0.05215616 -0.04384976 -0.05666356
  -0.09733585  0.02196654 -0.06281539 -0.10600938 -0.02888135  0.0438114
  -0.05924724 -0.06789414 -0.1747906   0.11011259  0.06061583  0.11296658
   0.04456659  0.06190283 -0.03261738 -0.05138725 -0.06902387 -0.08676261
  -0.05444575 -0.04527671 -0.06401427 -0.11373772  0.05408205  0.01930312
   0.18306062 -0.03341339 -0.05103852  0.03045265 -0.10497434  0.09134119
   0.12601487 -0.06036526 -0.09673565 -0.0058221  -0.02337289 -0.1309182
   0.16060214 -0.00219731 -0.03487583  0.04668494  0.02867123 -0.03023695
   0.13003984 -0.04387709 -0.05005666 -0.12563638 -0.10997507  0.1287112
  -0.05619626 -0.08157635  0.13248147 -0.1152153   0.04545983 -0.01661454
  -0.1033769  -0.00657004  0.10414078  0.04443817  0.01302283 -0.05322504
  -0.06438893  0.07322245 -0.01458548 -0.08889212 -0.0551945  -0.07426728
   0.03288772  0.10638756 -0.21281388  0.14288795  0.03091827  0.01438861
   0.06220502  0.09344487]]
Marley_10 [[ 0.12500958 -0.08798865 -0.04414953  0.04428909  0.10385521  0.01488184
   0.03503059 -0.02414782  0.12537296 -0.09980582 -0.13908026 -0.13591395
  -0.13892633  0.07975978 -0.20084637 -0.07373292 -0.02440165 -0.22195975
   0.03760975 -0.17445529  0.05402863 -0.01911394 -0.05625037  0.15665966
   0.04410148 -0.02682346  0.06181814  0.0808116   0.1209613   0.08006619
  -0.10642988 -0.04311865 -0.05403662  0.07323866 -0.0434042   0.0483722
   0.07775926  0.1101568  -0.04256671 -0.08825275  0.00211008 -0.13045688
   0.1600518  -0.04487877 -0.04817659 -0.05903388  0.12248301 -0.08566482
   0.06957015  0.04843675  0.0849487  -0.05240725 -0.02381011 -0.06077617
  -0.07312297  0.02689469 -0.05562137 -0.11054975 -0.01915471  0.04616594
  -0.03200007 -0.06141775 -0.1720628   0.11927159  0.06582288  0.09948147
   0.06827445  0.05813513 -0.05057947 -0.0623689  -0.06623501 -0.0947553
  -0.04317843 -0.0216123  -0.07622996 -0.12647615  0.04813175  0.03338416
   0.18877587  0.00285913 -0.07197933  0.01727706 -0.11384974  0.10415886
   0.13323952 -0.07562432 -0.07333785 -0.01391746 -0.01540531 -0.11297883
   0.15451293 -0.01942833 -0.04484087  0.05640297  0.05693129 -0.0089297
   0.1030187  -0.02050349 -0.04380965 -0.10695542 -0.10243776  0.11524095
  -0.0433015  -0.06810576  0.14311244 -0.1035315   0.05918819 -0.02442345
  -0.12149055 -0.02342739  0.12590331  0.03658445  0.00383528 -0.07009061
  -0.04711448  0.0736113  -0.02646462 -0.09148942 -0.03897628 -0.07680292
   0.01953198  0.09435977 -0.21460097  0.14590833  0.04811825  0.01505445
   0.07006998  0.11402115]]
Marley_11 [[ 0.11253446 -0.09132829 -0.04635279  0.04189314  0.08773079  0.01508394
   0.01385346 -0.01674525  0.12752752 -0.10721672 -0.14078769 -0.13370931
  -0.13855314  0.06903079 -0.20084517 -0.0827858  -0.02078152 -0.23129104
   0.02527819 -0.18633421  0.06154758 -0.01327125 -0.04791439  0.16254234
   0.03644789 -0.03391981  0.05968975  0.07684372  0.11464694  0.0972662
  -0.10216049 -0.03991149 -0.05816284  0.07856057 -0.05194205  0.05287699
   0.09006543  0.10190713 -0.03548666 -0.07497866  0.00582886 -0.12599371
   0.14399609 -0.04484083 -0.04713696 -0.08392975  0.11184822 -0.08714171
   0.05316883  0.04372443  0.09840509 -0.0532527  -0.03707587 -0.05653392
  -0.09250024  0.02356883 -0.0597249  -0.10781042 -0.02663915  0.04689629
  -0.0489101  -0.06789297 -0.17534155  0.11382483  0.06513982  0.1113421
   0.05128516  0.06161429 -0.0407184  -0.0528827  -0.06576572 -0.09062881
  -0.05305251 -0.03996573 -0.07083493 -0.11669254  0.05149665  0.02449986
   0.18460874 -0.02706101 -0.0586159   0.02469078 -0.10620289  0.09375559
   0.13031471 -0.06335933 -0.08870082 -0.00776129 -0.02312268 -0.12386058
   0.16085581 -0.01220536 -0.03583289  0.04824132  0.03816073 -0.02128287
   0.12098543 -0.03762287 -0.04844626 -0.12032796 -0.10850947  0.12280685
  -0.05451562 -0.07648937  0.13834856 -0.11360754  0.05022866 -0.02228263
  -0.11069918 -0.01377899  0.11288417  0.04242431  0.00948857 -0.05869595
  -0.0624192   0.0724482  -0.0187893  -0.08941117 -0.05039223 -0.07308726
   0.02743423  0.10414386 -0.21356227  0.1381087   0.03702807  0.01689791
   0.063586    0.1010498 ]]
Marley_12 [[ 0.13253598 -0.08325354 -0.04239194  0.04362096  0.11848687  0.01374799
   0.04703631 -0.02907104  0.12233925 -0.08781806 -0.1342284  -0.13549851
  -0.13819143  0.08954135 -0.19809897 -0.06892688 -0.03067125 -0.21300852
   0.03962553 -0.1615619   0.05656466 -0.02153904 -0.05980927  0.15267937
   0.0544543  -0.02081821  0.06154992  0.08541949  0.12779142  0.06101352
  -0.11267875 -0.04887908 -0.04872125  0.07285652 -0.03552564  0.03949849
   0.0685601   0.11335742 -0.04369561 -0.09449689 -0.0012089  -0.12889515
   0.17283097 -0.04324191 -0.04745342 -0.04440683  0.1368157  -0.08906739
   0.08496682  0.04577607  0.08322684 -0.05349195 -0.01573778 -0.05731493
  -0.06575881  0.02977464 -0.05854521 -0.11070446 -0.02272072  0.0509542
  -0.0184264  -0.05858214 -0.16997872  0.12690282  0.07084179  0.09140821
   0.07663919  0.05750674 -0.05783155 -0.06703565 -0.06567568 -0.10041675
  -0.04557944 -0.01328531 -0.08158133 -0.13414185  0.0466248   0.03723271
   0.1829957   0.01744522 -0.07923274  0.01014981 -0.11518041  0.1067773
   0.13829303 -0.07843477 -0.06074503 -0.01924848 -0.01522533 -0.10930614
   0.15191177 -0.02638582 -0.04456507  0.05432141  0.06371488  0.00059942
   0.09308734 -0.0092691  -0.03690881 -0.09637243 -0.09671903  0.10797571
  -0.03565789 -0.06646124  0.15289208 -0.09769993  0.06083396 -0.02691877
  -0.1301035  -0.03394806  0.13413624  0.02500868 -0.00303495 -0.07563017
  -0.04149231  0.07117683 -0.02679429 -0.09053865 -0.03054865 -0.07407228
   0.01567303  0.08810826 -0.20635892  0.14148992  0.05747894  0.01962648
   0.06535985  0.12531886]]
Marley_13 [[ 1.29661992e-01 -8.30347762e-02 -4.36843969e-02  3.92826535e-02
   1.10116825e-01  1.20471204e-02  3.77732106e-02 -2.92610358e-02
   1.22792363e-01 -9.24637616e-02 -1.36789694e-01 -1.39349699e-01
  -1.35753736e-01  8.36699158e-02 -2.02241182e-01 -7.97603130e-02
  -3.06305643e-02 -2.16604680e-01  2.70072278e-02 -1.67459071e-01
   5.85426502e-02 -1.92538835e-02 -5.56339100e-02  1.53421000e-01
   5.27468883e-02 -2.38961894e-02  5.91484793e-02  8.58650357e-02
   1.26471564e-01  6.73220009e-02 -1.17284209e-01 -4.80417237e-02
  -4.82695363e-02  6.88909888e-02 -3.86314280e-02  3.93926278e-02
   7.63258711e-02  1.06413633e-01 -4.37066779e-02 -9.17535201e-02
   2.18857336e-03 -1.27934724e-01  1.68372005e-01 -4.17487323e-02
  -4.52526622e-02 -5.43703958e-02  1.37682483e-01 -9.29821432e-02
   7.93411359e-02  4.54643294e-02  8.58495906e-02 -5.43735474e-02
  -2.31485981e-02 -5.29417619e-02 -7.51499832e-02  2.45669521e-02
  -5.96120805e-02 -1.08309656e-01 -2.74520889e-02  5.50909303e-02
  -2.53715869e-02 -6.39139116e-02 -1.71199858e-01  1.27669275e-01
   7.30601177e-02  9.96646956e-02  6.73171580e-02  5.77218421e-02
  -5.65499663e-02 -6.34264126e-02 -6.10389374e-02 -9.70847681e-02
  -5.06098419e-02 -2.22025272e-02 -8.24494511e-02 -1.25740573e-01
   4.75989804e-02  3.56885195e-02  1.83507308e-01 -1.16700059e-04
  -7.52772316e-02  6.72194827e-03 -1.05492160e-01  1.02367565e-01
   1.38776019e-01 -6.91806301e-02 -6.84032366e-02 -1.60744451e-02
  -2.19983254e-02 -1.11765094e-01  1.58227801e-01 -2.85097286e-02
  -3.94582525e-02  4.91900183e-02  5.84093928e-02 -9.43520106e-04
   9.93612334e-02 -1.42387059e-02 -3.84666510e-02 -1.02321222e-01
  -9.82548743e-02  1.05832145e-01 -4.57310267e-02 -6.70407787e-02
   1.53246194e-01 -1.07912026e-01  5.97304180e-02 -2.94873081e-02
  -1.26633480e-01 -2.96051148e-02  1.31074220e-01  2.81126592e-02
  -5.30685438e-03 -7.35188350e-02 -5.50347641e-02  7.29983002e-02
  -2.43525784e-02 -9.08042192e-02 -3.38342339e-02 -6.94267526e-02
   1.80970058e-02  9.16669667e-02 -2.06253380e-01  1.30756587e-01
   5.40212654e-02  2.39994004e-02  6.07458651e-02  1.21017180e-01]]
Marley_14 [[ 0.10644561 -0.09397867 -0.04719127  0.04116859  0.07629087  0.01393938
   0.00689462 -0.01104603  0.12934676 -0.11630973 -0.14211619 -0.1333127
  -0.13955887  0.06130987 -0.19982547 -0.08485246 -0.01669262 -0.23789412
   0.02505333 -0.1930631   0.05885302 -0.01008927 -0.04615213  0.16408151
   0.03065682 -0.0376079   0.05865691  0.07382674  0.10850026  0.10742214
  -0.09571661 -0.0335727  -0.0618851   0.0811599  -0.05765726  0.05914328
   0.09659943  0.09881612 -0.03310938 -0.06983171  0.0060788  -0.12501334
   0.13395226 -0.04161895 -0.04532783 -0.09453954  0.10438532 -0.08441998
   0.04024141  0.04409312  0.09887475 -0.05199524 -0.04389001 -0.05764455
  -0.09601938  0.01972763 -0.05857757 -0.10558677 -0.0258184   0.0424573
  -0.0585599  -0.0675147  -0.17413926  0.10752723  0.06241121  0.11247768
   0.0450898   0.06157428 -0.03337577 -0.05040028 -0.06836683 -0.08356807
  -0.05276781 -0.04462274 -0.06508666 -0.10954899  0.05235589  0.02273099
   0.18548265 -0.03560231 -0.05247184  0.03165902 -0.10389676  0.09205435
   0.12425362 -0.06169113 -0.09661455 -0.00553272 -0.02422373 -0.12733401
   0.16186237 -0.00634842 -0.0364758   0.04912095  0.03361282 -0.02870084
   0.12866907 -0.04267065 -0.05216024 -0.12850484 -0.11038506  0.12823164
  -0.05731599 -0.08065648  0.13080643 -0.11587275  0.04850838 -0.01722373
  -0.102488   -0.00664476  0.10480203  0.04771996  0.01382187 -0.05274004
  -0.06709801  0.07446875 -0.01698298 -0.09108982 -0.05434794 -0.07477783
   0.03334929  0.10706181 -0.2157873   0.14201634  0.03190087  0.01336634
   0.06442944  0.09265667]]
Marley_15 [[ 0.10448773 -0.09280777 -0.04736245  0.03963988  0.07375774  0.01193809
   0.00498954 -0.01004665  0.12846324 -0.1170222  -0.14160731 -0.13406926
  -0.13926205  0.06074215 -0.20073955 -0.08646695 -0.01728759 -0.23966365
   0.02079394 -0.19493933  0.05979154 -0.00910659 -0.04389993  0.16359858
   0.03160658 -0.03863428  0.05660127  0.0742566   0.10781845  0.10849002
  -0.09692795 -0.03261682 -0.06136398  0.0815209  -0.05890606  0.05731755
   0.09869611  0.09576819 -0.03237342 -0.06828207  0.006874   -0.12314623
   0.13209689 -0.03940742 -0.0441578  -0.09855974  0.10697641 -0.08545819
   0.03798578  0.04237053  0.10008939 -0.05288366 -0.04685064 -0.05582394
  -0.09921296  0.0174422  -0.05985661 -0.10450618 -0.02849077  0.04457236
  -0.06164966 -0.06882519 -0.17328471  0.10922199  0.06423402  0.11379539
   0.04189532  0.06010824 -0.03127094 -0.04954351 -0.06670063 -0.08232968
  -0.05598278 -0.04843578 -0.06438918 -0.10679748  0.05334997  0.02240504
   0.18350145 -0.04158502 -0.05054418  0.03146129 -0.09985002  0.09032179
   0.12442487 -0.05751998 -0.09944878 -0.0062808  -0.02717176 -0.1282172
   0.16372624 -0.00575175 -0.03422726  0.0462315   0.03050749 -0.02876905
   0.13076994 -0.04300994 -0.05273505 -0.13082941 -0.10936128  0.126423
  -0.05964653 -0.08127904  0.13259344 -0.11904651  0.04826211 -0.01649328
  -0.10144923 -0.00494465  0.10327247  0.04698734  0.01159668 -0.05165727
  -0.07247368  0.07535891 -0.01544303 -0.09143088 -0.05497024 -0.07238304
   0.03506089  0.10814352 -0.21329498  0.13864587  0.03179757  0.01640117
   0.06169274  0.09151841]]
Marley_16 [[ 0.10207801 -0.09309988 -0.04792853  0.04106778  0.07488701  0.01210204
   0.00401162 -0.00833     0.12721367 -0.11439277 -0.1401137  -0.13158719
  -0.13909926  0.06218087 -0.2004059  -0.08463704 -0.0174572  -0.2393197
   0.02045712 -0.19427748  0.06187744 -0.00998965 -0.04319358  0.1649948
   0.03023808 -0.0385354   0.05817926  0.07404974  0.1078722   0.11051454
  -0.09501849 -0.03331843 -0.06107591  0.08469273 -0.05842502  0.0558385
   0.09898215  0.09565143 -0.03060882 -0.06649411  0.00761259 -0.12344036
   0.13195424 -0.04159276 -0.0455251  -0.10101961  0.10426913 -0.08445652
   0.03767207  0.04188998  0.10304601 -0.05171826 -0.04570606 -0.05519013
  -0.10073641  0.01982536 -0.06296042 -0.10557757 -0.03038454  0.04464606
  -0.06285259 -0.06923015 -0.1746079   0.10794824  0.06090682  0.11542255
   0.0413939   0.06110681 -0.03050414 -0.04896806 -0.06800477 -0.0839691
  -0.05620666 -0.05021768 -0.06334582 -0.10923285  0.05362126  0.01885539
   0.18234575 -0.04163792 -0.04842875  0.03116514 -0.10160976  0.08931492
   0.1256802  -0.05709387 -0.09972452 -0.00531034 -0.02630998 -0.13097697
   0.16289489 -0.0034114  -0.03374907  0.04513014  0.02581105 -0.03208387
   0.1327629  -0.0469461  -0.05141112 -0.12933597 -0.11111297  0.12722978
  -0.05865401 -0.08271012  0.13181597 -0.11849905  0.0451816  -0.01624207
  -0.1016911  -0.00407189  0.10166246  0.04577878  0.01392731 -0.05089514
  -0.06931107  0.0752221  -0.01357805 -0.0889427  -0.05617199 -0.07321138
   0.03391032  0.10850482 -0.21309899  0.14020301  0.03080564  0.01594798
   0.06045852  0.09129529]]
Marley_17 [[ 0.10524359 -0.09531883 -0.0471954   0.04483442  0.07939363  0.01215172
   0.00988204 -0.00895436  0.13144092 -0.11299951 -0.14164867 -0.13233423
  -0.14015487  0.06620832 -0.1971744  -0.07874754 -0.01622836 -0.238527
   0.03192713 -0.1913404   0.05925331 -0.01147491 -0.04760888  0.16707939
   0.03086911 -0.03851129  0.06065187  0.07245365  0.10822953  0.10549828
  -0.09347077 -0.03591777 -0.06116341  0.08626134 -0.05809327  0.05747429
   0.09423298  0.10209851 -0.03241191 -0.06817037  0.00403624 -0.12622638
   0.13692103 -0.04548275 -0.04992511 -0.09343556  0.10210734 -0.08478282
   0.04263642  0.04252927  0.10031942 -0.05249991 -0.04137471 -0.05995091
  -0.09429243  0.02296452 -0.06180983 -0.10600365 -0.02528661  0.04022948
  -0.05744186 -0.06588297 -0.17391421  0.10782938  0.06025764  0.11110792
   0.04771059  0.06190668 -0.03299521 -0.05193833 -0.07053733 -0.0869936
  -0.05086469 -0.04308705 -0.06366471 -0.11447675  0.05234778  0.01973562
   0.1852955  -0.02851547 -0.05355918  0.03155655 -0.10624011  0.09203711
   0.12363502 -0.06500601 -0.09434487 -0.00510218 -0.01918488 -0.13027404
   0.15830159 -0.00185594 -0.03770682  0.0499687   0.03227787 -0.02883415
   0.12939477 -0.04217982 -0.05056272 -0.12439775 -0.10999503  0.12939632
  -0.0531685  -0.0794794   0.12973355 -0.11173933  0.04697731 -0.01736075
  -0.10357354 -0.00583169  0.1063349   0.045653    0.0134092  -0.05424981
  -0.06092329  0.07259956 -0.01718949 -0.08959966 -0.05465968 -0.07534533
   0.03221391  0.10501114 -0.21677843  0.1468389   0.02985069  0.00952357
   0.06466793  0.09481245]]
Marley_18 [[ 0.10029858 -0.09539748 -0.0465896   0.04244915  0.0718447   0.01261504
   0.00160112 -0.00727036  0.12996665 -0.11721176 -0.14175695 -0.13150156
  -0.13972616  0.05974945 -0.19777147 -0.08361664 -0.01577524 -0.24120714
   0.02482742 -0.19606255  0.06113046 -0.00938873 -0.04304449  0.16615452
   0.02850678 -0.04077936  0.05790387  0.07149968  0.10565551  0.11177249
  -0.09281497 -0.03334912 -0.06338297  0.08511185 -0.0600213   0.05857529
   0.09824424  0.09784344 -0.03118645 -0.06418381  0.00654715 -0.12217475
   0.12938197 -0.04314482 -0.04646071 -0.10150941  0.09964729 -0.08279593
   0.03502527  0.04155413  0.1027791  -0.05260103 -0.04735513 -0.0576694
  -0.10095596  0.02053208 -0.06036336 -0.10504773 -0.02671079  0.04210633
  -0.06376546 -0.06890444 -0.1739435   0.10594323  0.06059438  0.11444072
   0.0417891   0.06091087 -0.02898451 -0.04829962 -0.06873105 -0.08385131
  -0.05428506 -0.04972403 -0.06199211 -0.1087263   0.0540553   0.01833872
   0.18311532 -0.04225203 -0.04820151  0.03539642 -0.10236839  0.08919633
   0.12203592 -0.05884138 -0.10174016 -0.00410276 -0.02413628 -0.13130856
   0.16072413 -0.00085888 -0.03405266  0.04769189  0.02689465 -0.03286535
   0.13370788 -0.04789893 -0.05316226 -0.13227424 -0.11087357  0.12994958
  -0.05878527 -0.08179348  0.12886985 -0.11654806  0.04573985 -0.01564955
  -0.09937233 -0.00237534  0.10166862  0.04931574  0.01492462 -0.05012639
  -0.06906518  0.07361822 -0.01509151 -0.08942999 -0.05802897 -0.07382862
   0.0351623   0.10983021 -0.2148176   0.14182374  0.02764193  0.01264669
   0.06319664  0.08909788]]
Marley_19 [[ 0.10831752 -0.09522101 -0.04670593  0.04586275  0.08381964  0.0133545
   0.01411418 -0.0105624   0.13152185 -0.11020375 -0.14108351 -0.13225722
  -0.13985504  0.06885806 -0.19732878 -0.0773709  -0.01830739 -0.23600173
   0.03401316 -0.188591    0.05950695 -0.01261955 -0.04852112  0.16623355
   0.03226909 -0.03630962  0.06204916  0.07322783  0.11076755  0.10136628
  -0.09521285 -0.03700863 -0.06111567  0.08492754 -0.05620243  0.0569523
   0.09114512  0.10421078 -0.03419884 -0.07106206  0.00284428 -0.12713297
   0.14096457 -0.04656421 -0.04968628 -0.0882032   0.10444937 -0.08513454
   0.04735957  0.04318382  0.09950455 -0.05218637 -0.03862369 -0.06059799
  -0.0913942   0.02473805 -0.0608298  -0.10653907 -0.02430579  0.04088561
  -0.05334161 -0.06515239 -0.1746606   0.10938877  0.06084861  0.10929892
   0.05129339  0.06221543 -0.03591632 -0.05366237 -0.07045767 -0.08877
  -0.04977402 -0.03853809 -0.06618871 -0.11761682  0.05209033  0.02141421
   0.18516071 -0.0227767  -0.05643745  0.02984509 -0.10960629  0.09392066
   0.12554233 -0.06661621 -0.09080872 -0.00618313 -0.01795672 -0.12788008
   0.15747195 -0.00384971 -0.03869367  0.05042238  0.03563059 -0.02619616
   0.12559953 -0.03905734 -0.04859836 -0.12131512 -0.10939225  0.1293977
  -0.05125854 -0.07863986  0.13174777 -0.10981715  0.04759715 -0.01850065
  -0.10692527 -0.00987042  0.10934588  0.04372246  0.01248677 -0.05692368
  -0.05766702  0.07166518 -0.01836159 -0.089337   -0.05346699 -0.07600063
   0.03057169  0.10318492 -0.2167073   0.14682063  0.03147395  0.00931412
   0.06606103  0.09684172]]
Marley_20 [[ 0.11264442 -0.08907364 -0.04897856  0.03703815  0.08146729  0.01556977
   0.00911042 -0.01678391  0.12475935 -0.11496775 -0.142187   -0.13544211
  -0.13892783  0.06154813 -0.20417304 -0.09146694 -0.02214355 -0.23199962
   0.01473129 -0.19042541  0.06010932 -0.01041433 -0.0463857   0.15999153
   0.03450758 -0.03249745  0.05806617  0.07684925  0.11121324  0.1037776
  -0.10379401 -0.03322964 -0.0587289   0.07416246 -0.05310155  0.05526323
   0.09703757  0.09414564 -0.0373066  -0.07574633  0.00947371 -0.12355774
   0.13715367 -0.03945344 -0.04030783 -0.09165464  0.11101984 -0.08604296
   0.04539093  0.04554171  0.09984986 -0.05219046 -0.0428529  -0.05417657
  -0.09560257  0.01828521 -0.05616879 -0.10604702 -0.02849292  0.04969048
  -0.05456655 -0.07000905 -0.17519496  0.11083809  0.06584188  0.11428805
   0.04534431  0.06359266 -0.03990932 -0.05233292 -0.06405693 -0.08316207
  -0.05714345 -0.0442918  -0.07178304 -0.10708675  0.05057063  0.02654811
   0.18453637 -0.03781928 -0.05461967  0.02703747 -0.102345    0.09178237
   0.1282078  -0.05789464 -0.09293542 -0.00612203 -0.02966227 -0.12156931
   0.1663393  -0.01832726 -0.03355251  0.04643288  0.03521413 -0.02157267
   0.1244859  -0.03937974 -0.05077966 -0.12670025 -0.10841924  0.12159207
  -0.05932219 -0.0825432   0.13722582 -0.12156668  0.05044566 -0.02072106
  -0.10847942 -0.01072365  0.10778654  0.04370241  0.01057702 -0.05491586
  -0.07150444  0.07507739 -0.01679127 -0.09044524 -0.05109116 -0.07230646
   0.03065798  0.10620841 -0.21259761  0.13266261  0.03741666  0.02148109
   0.06154493  0.09587467]]
Marley_21 [[ 0.10172875 -0.09669138 -0.04807528  0.04463503  0.0761631   0.01267751
   0.00559821 -0.00620612  0.1304482  -0.11331559 -0.14006965 -0.1298726
  -0.13897245  0.06445072 -0.19650134 -0.08003922 -0.01595041 -0.2399455
   0.03031552 -0.19259594  0.06178772 -0.01081261 -0.04604339  0.16801873
   0.02858314 -0.03863956  0.05950043  0.07184382  0.10675491  0.10808833
  -0.09184064 -0.03507287 -0.06248321  0.08876058 -0.05920721  0.05755704
   0.09581014  0.10158949 -0.02996247 -0.06587742  0.00483964 -0.12521778
   0.13296084 -0.04575378 -0.04936523 -0.09887498  0.10028335 -0.08456276
   0.03919191  0.04112171  0.10504407 -0.0510503  -0.04317818 -0.05864824
  -0.09740069  0.0230334  -0.06353316 -0.10679819 -0.02771276  0.04107238
  -0.06111633 -0.06626693 -0.17485139  0.10706837  0.05880493  0.11338803
   0.04369103  0.06221657 -0.03009701 -0.04969759 -0.07211028 -0.0862549
  -0.05359941 -0.04617508 -0.06198258 -0.11344086  0.05343925  0.01661935
   0.1842129  -0.03338076 -0.04930101  0.03304883 -0.10555279  0.08955452
   0.12427488 -0.06294155 -0.09787333 -0.00481084 -0.02075026 -0.13320191
   0.15891139  0.00073891 -0.03602244  0.04757737  0.02651148 -0.03303524
   0.13363937 -0.04672586 -0.0498232  -0.12602499 -0.11197078  0.13192488
  -0.05451498 -0.08198566  0.12789488 -0.11270291  0.04423545 -0.01602892
  -0.10122082 -0.00448291  0.10270257  0.0452881   0.01603407 -0.05182834
  -0.06198027  0.07166179 -0.01325713 -0.08783926 -0.05759031 -0.07605956
   0.03316881  0.10576367 -0.2156246   0.14563261  0.02728279  0.01044752
   0.06290384  0.09164224]]
Marley_22 [[ 0.121754   -0.08709327 -0.04412878  0.04327548  0.10011738  0.01099231
   0.03094597 -0.02251131  0.12542959 -0.10104617 -0.13972202 -0.1378825
  -0.14063933  0.0783268  -0.20198905 -0.07742989 -0.02605239 -0.22465813
   0.03010143 -0.1766108   0.05705806 -0.01694177 -0.05455012  0.15740135
   0.04536236 -0.02825762  0.06009393  0.08042637  0.12057339  0.08192953
  -0.10860352 -0.04312846 -0.05410606  0.07439734 -0.0448168   0.04639073
   0.08170148  0.10567947 -0.03997844 -0.08603662  0.00268631 -0.1276971
   0.15876721 -0.0426623  -0.04635629 -0.06630243  0.124438   -0.08891508
   0.06603582  0.0463859   0.08828983 -0.05369243 -0.03019788 -0.05732908
  -0.0792703   0.02521361 -0.05893492 -0.1085941  -0.02603348  0.04956909
  -0.03589718 -0.06462172 -0.1722887   0.1207307   0.06719049  0.10213007
   0.06236925  0.05842609 -0.04841628 -0.0621245  -0.06605508 -0.09338129
  -0.04786481 -0.02752772 -0.07543153 -0.12320875  0.05017283  0.03124208
   0.18589532 -0.00553606 -0.06890444  0.01702865 -0.10963324  0.10203741
   0.13435356 -0.07090613 -0.07791024 -0.01244901 -0.02037434 -0.11569994
   0.15805496 -0.01820249 -0.04097288  0.05259698  0.05112189 -0.0099408
   0.10769772 -0.02295325 -0.0438957  -0.10994421 -0.10238561  0.1139513
  -0.04599258 -0.07131514  0.14411019 -0.10928088  0.05716351 -0.02323916
  -0.120075   -0.02128434  0.12306342  0.03635282  0.00210612 -0.06640103
  -0.05353984  0.0747169  -0.02306051 -0.09099377 -0.03882051 -0.07350594
   0.02116102  0.09528279 -0.21134628  0.14154808  0.04775154  0.01828163
   0.06476024  0.1120294 ]]
Marley_23 [[ 0.11734961 -0.08777716 -0.04570563  0.03877742  0.08888017  0.01303577
   0.02145267 -0.02050556  0.1272015  -0.11030837 -0.14210744 -0.13823943
  -0.14035809  0.06995115 -0.20357636 -0.08420482 -0.02241222 -0.22993766
   0.02418637 -0.18519692  0.05673364 -0.01472615 -0.05078219  0.15804741
   0.04191549 -0.03178126  0.05852807  0.07906399  0.11555697  0.09242302
  -0.10781464 -0.03821937 -0.05666209  0.07376343 -0.04950806  0.05202068
   0.08898711  0.10033393 -0.03886713 -0.08089741  0.00537707 -0.12583645
   0.14771254 -0.03950037 -0.04366323 -0.07686909  0.11898636 -0.0875231
   0.05586502  0.04593985  0.09078724 -0.05382594 -0.03751495 -0.05517782
  -0.08671251  0.02010301 -0.05678686 -0.10724927 -0.02596457  0.04876713
  -0.04431426 -0.06769268 -0.17305519  0.11740241  0.06834719  0.10721653
   0.05454828  0.05887697 -0.04499518 -0.05821905 -0.06422582 -0.08742337
  -0.0506377  -0.03561466 -0.07258517 -0.11463366  0.05042882  0.03084132
   0.18643473 -0.02147291 -0.06237947  0.02212221 -0.10380233  0.09808504
   0.12985408 -0.06421548 -0.08584764 -0.00908418 -0.02457525 -0.11819217
   0.16141325 -0.01861369 -0.03914944  0.05139671  0.04574939 -0.01399346
   0.1154232  -0.02860869 -0.04870344 -0.11867239 -0.10506919  0.11683382
  -0.05277393 -0.07441571  0.14101437 -0.11489049  0.05607711 -0.02113814
  -0.11451454 -0.01539538  0.11663829  0.04184941  0.00396546 -0.06129084
  -0.062898    0.07685003 -0.0223085  -0.09294598 -0.04415805 -0.07259709
   0.02624296  0.10065254 -0.21269354  0.13838877  0.04394475  0.01950701
   0.06358115  0.10514184]]
Marley_24 [[ 0.10014071 -0.09551203 -0.0459258   0.04353054  0.07490735  0.01213622
   0.00209153 -0.0075126   0.13037084 -0.11452272 -0.14174195 -0.13104816
  -0.14025398  0.0616397  -0.19760004 -0.08232683 -0.01603545 -0.24100679
   0.02551333 -0.19514455  0.06249525 -0.00969338 -0.0425155   0.16664988
   0.02826626 -0.04017773  0.05787176  0.0713052   0.10715223  0.11062627
  -0.0925049  -0.03450928 -0.06260283  0.08537079 -0.05920434  0.05768205
   0.09698885  0.09879711 -0.03001597 -0.06464734  0.00683693 -0.12319794
   0.13148394 -0.0437217  -0.04766269 -0.10040125  0.09964466 -0.08328953
   0.03704386  0.0413774   0.10336773 -0.0522113  -0.04629936 -0.05814556
  -0.10022966  0.02172719 -0.06034783 -0.10519894 -0.02722615  0.04210202
  -0.06231451 -0.06897146 -0.17459391  0.10674278  0.05906588  0.11418513
   0.04241573  0.06112307 -0.02941477 -0.0491001  -0.06941015 -0.08529
  -0.05390377 -0.0489034  -0.06209821 -0.11176437  0.05493983  0.01731839
   0.1831465  -0.0386763  -0.04881568  0.03409566 -0.1040659   0.08979236
   0.12305392 -0.06033146 -0.1004657  -0.00427615 -0.0239217  -0.13156772
   0.15999712  0.00054257 -0.03314938  0.04762294  0.02667385 -0.03301105
   0.13269128 -0.04792181 -0.05254716 -0.13007562 -0.11051333  0.13083625
  -0.05766059 -0.0809408   0.12932687 -0.11562543  0.04526    -0.01596818
  -0.09960493 -0.00291136  0.10169838  0.04824175  0.01501358 -0.0504945
  -0.06644107  0.07281888 -0.01444981 -0.08896191 -0.05712179 -0.07457197
   0.03358192  0.10951674 -0.21413904  0.1428192   0.02775167  0.0120255
   0.06409134  0.09023004]]
Marley_25 [[ 0.1065376  -0.0923089  -0.04704658  0.04132593  0.07994956  0.01296842
   0.0081249  -0.01094669  0.12739655 -0.11250453 -0.14105567 -0.13313958
  -0.13910325  0.0648421  -0.20068529 -0.08457205 -0.01896702 -0.23631099
   0.02203952 -0.19150977  0.06095802 -0.01109081 -0.04549474  0.1635016
   0.0326525  -0.03659137  0.05788836  0.07484299  0.11008952  0.10478768
  -0.09815975 -0.034869   -0.06026271  0.08218194 -0.0565677   0.05512135
   0.09531551  0.09831325 -0.03310168 -0.07030531  0.00621671 -0.12476982
   0.13603042 -0.04188871 -0.04551874 -0.09416085  0.10771538 -0.08657964
   0.0424971   0.04245947  0.10116021 -0.05321416 -0.04364265 -0.05588427
  -0.09714299  0.02033817 -0.06123675 -0.10696638 -0.02838608  0.04576071
  -0.05784135 -0.06842611 -0.17483659  0.11111581  0.06329869  0.11394856
   0.04450742  0.06148077 -0.03420998 -0.05102937 -0.0672473  -0.08576319
  -0.05547785 -0.04603323 -0.06725139 -0.11165562  0.05283134  0.02202635
   0.18335593 -0.03595714 -0.05277359  0.02917975 -0.10287719  0.09201996
   0.12719129 -0.05858762 -0.09561956 -0.00610996 -0.02599397 -0.1277255
   0.16255602 -0.00764097 -0.03466798  0.04701646  0.0317354  -0.02705683
   0.12781674 -0.04229442 -0.05089633 -0.12674887 -0.10983359  0.12553287
  -0.05781288 -0.08055054  0.13379316 -0.11688504  0.04757886 -0.01815054
  -0.10517341 -0.00741201  0.10604575  0.04465283  0.01114843 -0.05384112
  -0.06701334  0.07409726 -0.01590916 -0.08948939 -0.05413161 -0.07281061
   0.03205219  0.10623319 -0.21377292  0.13906725  0.03285946  0.01673264
   0.06074529  0.09502127]]
Marley_26 [[ 0.11955062 -0.08734292 -0.04718276  0.03932824  0.09060957  0.01613724
   0.02240254 -0.02419052  0.12568495 -0.10925917 -0.14209165 -0.13643196
  -0.13903752  0.07020617 -0.20469046 -0.08667424 -0.02239147 -0.22627212
   0.02353567 -0.18364862  0.05607981 -0.01422276 -0.05348101  0.15744232
   0.04122538 -0.0279604   0.06018603  0.07887388  0.1176208   0.09323099
  -0.10832578 -0.03773655 -0.0552753   0.07016052 -0.04802297  0.05189682
   0.08886831  0.10033955 -0.0403276  -0.0836793   0.00601066 -0.12779583
   0.14903975 -0.04063    -0.04227284 -0.07383321  0.11771315 -0.08685676
   0.05859271  0.04839455  0.08906502 -0.05312385 -0.03529175 -0.05646521
  -0.08351374  0.02133605 -0.05363015 -0.10832974 -0.02420475  0.04861506
  -0.04225102 -0.0656697  -0.17370819  0.11560591  0.06545509  0.10637948
   0.05486595  0.06136478 -0.04772572 -0.058399   -0.06432902 -0.08735808
  -0.0494545  -0.03396852 -0.07547155 -0.11500223  0.04878425  0.03161784
   0.18851185 -0.01804912 -0.06348542  0.02027844 -0.10634448  0.09879025
   0.1302394  -0.06716965 -0.0827621  -0.0085757  -0.02332887 -0.1148651
   0.16183963 -0.02189552 -0.03930175  0.05231035  0.04923967 -0.0129597
   0.11226572 -0.02880432 -0.04885855 -0.11783917 -0.10613426  0.11827766
  -0.05263581 -0.07457353  0.14123575 -0.11471276  0.05590194 -0.02192777
  -0.11432359 -0.01714578  0.11775497  0.04148088  0.00558082 -0.06298611
  -0.06167908  0.07535179 -0.02337314 -0.09372893 -0.04312203 -0.07407568
   0.0254176   0.10125763 -0.21453945  0.13750131  0.04510946  0.01904585
   0.06613851  0.10493826]]
Marley_27 [[ 0.12174556 -0.08744638 -0.04498137  0.04155546  0.09687641  0.011926
   0.03053813 -0.02271528  0.12822303 -0.10485351 -0.14049208 -0.13777336
  -0.13897464  0.07690424 -0.20179324 -0.07712904 -0.022773   -0.22732906
   0.03288458 -0.17969976  0.05429687 -0.01579765 -0.05388852  0.15861009
   0.04460284 -0.03005483  0.06073251  0.08106314  0.11950713  0.08544321
  -0.10808428 -0.04076171 -0.05339688  0.0748647  -0.04720271  0.05093671
   0.08377523  0.10518073 -0.03916676 -0.08394413  0.0011035  -0.12994677
   0.15564756 -0.04172786 -0.04714609 -0.06782835  0.12394131 -0.08839708
   0.06333844  0.04727289  0.08671381 -0.05370901 -0.02988159 -0.05722056
  -0.07866329  0.02197161 -0.0581894  -0.10721506 -0.02363646  0.04457866
  -0.03702328 -0.06228804 -0.17152971  0.11863428  0.0677809   0.10195515
   0.06089169  0.05806299 -0.04744453 -0.06179037 -0.06621347 -0.09049742
  -0.04695865 -0.02898944 -0.07261731 -0.12027384  0.04920464  0.0327478
   0.1878402  -0.00580084 -0.06738155  0.01690433 -0.1071313   0.10175506
   0.13176405 -0.06969483 -0.07721123 -0.01204375 -0.01824747 -0.11610559
   0.15718007 -0.01820578 -0.04356296  0.05293394  0.05350117 -0.00935597
   0.10875836 -0.0212939  -0.04579831 -0.11109908 -0.10269779  0.11563286
  -0.04773188 -0.06973486  0.14313261 -0.10849368  0.0575303  -0.02210261
  -0.11746211 -0.01984763  0.12196442  0.03884963  0.00136814 -0.06545707
  -0.05532001  0.07557844 -0.02404805 -0.09420341 -0.0403088  -0.07374958
   0.02374205  0.0965393  -0.21358286  0.14457986  0.04683386  0.01531207
   0.06601569  0.11144058]]
Marley_28 [[ 0.12272678 -0.08304819 -0.04669698  0.03594206  0.0948374   0.01146444
   0.02925459 -0.0238534   0.12183056 -0.10599021 -0.13896152 -0.13987683
  -0.13942373  0.07305194 -0.2066701  -0.08568053 -0.02746363 -0.22336474
   0.01824457 -0.17970805  0.05686959 -0.01545434 -0.05364231  0.15449905
   0.04801537 -0.02709375  0.05888748  0.08269339  0.11906902  0.08438913
  -0.11424026 -0.04013866 -0.05335282  0.07192314 -0.04593132  0.0459718
   0.08734491  0.09818185 -0.04078631 -0.0877611   0.00581837 -0.12472889
   0.15535764 -0.03651578 -0.04160663 -0.07220608  0.1304188  -0.08962397
   0.06336984  0.04744508  0.08815888 -0.05402979 -0.03443747 -0.05100568
  -0.08300791  0.01924675 -0.06044049 -0.107452   -0.0299241   0.05418229
  -0.04047642 -0.06755833 -0.171638    0.12152433  0.07195302  0.1060169
   0.05659875  0.05773095 -0.04906901 -0.06093551 -0.0613691  -0.08890419
  -0.05276796 -0.03200857 -0.07572705 -0.11312611  0.04805611  0.03526233
   0.18420222 -0.01764943 -0.06679841  0.01566389 -0.10248558  0.09932083
   0.13499525 -0.06282087 -0.07998829 -0.01275127 -0.02597881 -0.11547614
   0.16384946 -0.0264902  -0.0407637   0.04820082  0.04747735 -0.0085263
   0.11119021 -0.02212005 -0.04455238 -0.11449084 -0.10303647  0.10945283
  -0.05129647 -0.07564893  0.146823   -0.11808015  0.05723856 -0.02265321
  -0.1202244  -0.02167766  0.12092028  0.03573925  0.00034677 -0.06395125
  -0.06370871  0.07824238 -0.02124435 -0.09226012 -0.03951227 -0.07031526
   0.02363891  0.09635336 -0.20962028  0.13383076  0.0515639   0.02501297
   0.05932854  0.11064982]]
Marley_29 [[ 0.10057405 -0.09489892 -0.04710329  0.04258658  0.07370955  0.01261224
   0.00201187 -0.00783805  0.13011411 -0.11528614 -0.14095563 -0.13070524
  -0.13947561  0.06093388 -0.19828844 -0.08473853 -0.01649122 -0.2403712
   0.02344252 -0.1952252   0.06214335 -0.00916933 -0.04276622  0.16643591
   0.02859608 -0.03980583  0.0585085   0.07207634  0.10720968  0.11129119
  -0.09372799 -0.03358643 -0.06225024  0.08485971 -0.05925761  0.05806217
   0.09833993  0.09714527 -0.03056767 -0.06467499  0.0064682  -0.12285454
   0.13081452 -0.04308684 -0.04617492 -0.10131919  0.10090216 -0.08338039
   0.03636086  0.04179345  0.1039376  -0.05259559 -0.04663138 -0.05693955
  -0.10108177  0.02016508 -0.0616217  -0.10513096 -0.0278426   0.04243542
  -0.06287178 -0.06841206 -0.17461918  0.10639036  0.06045176  0.1144482
   0.0407488   0.06155924 -0.02985947 -0.04834794 -0.06814522 -0.0841335
  -0.05557577 -0.04948808 -0.06286966 -0.10943377  0.05435108  0.01776627
   0.18263088 -0.0414817  -0.04804417  0.03407066 -0.10254557  0.0884022
   0.12340727 -0.05779633 -0.10035035 -0.00395917 -0.02491594 -0.13162814
   0.16138057 -0.00150075 -0.03321182  0.04620608  0.02655803 -0.03277877
   0.13314751 -0.0471657  -0.05239083 -0.13098176 -0.11114036  0.13019364
  -0.05941575 -0.08203758  0.1304776  -0.11731403  0.0447878  -0.01606217
  -0.09937216 -0.00365246  0.10140584  0.04798524  0.01426181 -0.05083267
  -0.06910206  0.07300894 -0.01441564 -0.08956952 -0.05779396 -0.07289241
   0.0346739   0.11003214 -0.21389185  0.14074445  0.02834447  0.01341984
   0.06245093  0.08989438]]
Marley_30 [[ 0.10513253 -0.09422007 -0.0456134   0.04280347  0.07838282  0.01185658
   0.00844493 -0.00999741  0.13096277 -0.11392464 -0.14213358 -0.13342963
  -0.14042385  0.06434146 -0.19910608 -0.08158664 -0.01679662 -0.2387911
   0.02746125 -0.19297746  0.06000326 -0.01115091 -0.0450491   0.16496581
   0.03234553 -0.03940172  0.05874068  0.07300389  0.10914417  0.10527597
  -0.09657497 -0.03529394 -0.06113535  0.08318383 -0.05780253  0.0572475
   0.09474479  0.09998046 -0.03242748 -0.06856619  0.00520259 -0.12418822
   0.13613829 -0.04275382 -0.04692811 -0.09310527  0.10503296 -0.08426838
   0.04224961  0.04250671  0.09882212 -0.05347105 -0.04360125 -0.05828891
  -0.09625396  0.02109851 -0.0602775  -0.10480689 -0.0254996   0.04252384
  -0.0578446  -0.06799155 -0.17381947  0.10972757  0.06249183  0.11168914
   0.04664132  0.06009779 -0.03287828 -0.05159967 -0.06835995 -0.08610702
  -0.05227469 -0.04449663 -0.06440017 -0.11236481  0.05327334  0.02204419
   0.18432502 -0.03313673 -0.05344868  0.03164189 -0.10358753  0.09243404
   0.12374043 -0.06161091 -0.09627596 -0.00582498 -0.02236756 -0.1282259
   0.16034256 -0.00409655 -0.03592898  0.0489822   0.03304628 -0.02725644
   0.12815277 -0.04169233 -0.05166726 -0.12727407 -0.10859137  0.12741111
  -0.05637382 -0.07866757  0.13254182 -0.1144208   0.04837058 -0.01725009
  -0.10399026 -0.00631469  0.10646114  0.04682316  0.01128765 -0.05390446
  -0.0654501   0.074028   -0.01802055 -0.09106559 -0.05403908 -0.07421424
   0.03304836  0.10687128 -0.21471472  0.14284949  0.03156573  0.01277669
   0.06423984  0.09479914]]
Marley_31 [[ 0.1262215  -0.08267494 -0.04600335  0.04043186  0.10224378  0.0150264
   0.033068   -0.02684081  0.12259769 -0.10192149 -0.13887827 -0.13701026
  -0.13854106  0.07715887 -0.20537512 -0.08317615 -0.03008269 -0.21899636
   0.02348564 -0.17442653  0.05790434 -0.01793425 -0.05547031  0.15439034
   0.04876145 -0.02479922  0.0607862   0.08212608  0.12215699  0.07839777
  -0.11428844 -0.04339738 -0.05343206  0.06963519 -0.04226688  0.04527398
   0.08068993  0.10290598 -0.04278193 -0.09060545  0.00354145 -0.12671849
   0.16001998 -0.04104509 -0.04117347 -0.06339179  0.12995686 -0.08899676
   0.06892205  0.04879074  0.08945943 -0.05360581 -0.02906078 -0.05400798
  -0.07850685  0.02383488 -0.05701015 -0.10883148 -0.02653615  0.05295984
  -0.03291817 -0.0648549  -0.17328025  0.12119549  0.07137228  0.10215686
   0.06132228  0.06020864 -0.05452216 -0.0616883  -0.06163308 -0.09230708
  -0.05179105 -0.02594966 -0.08114788 -0.11952731  0.04770974  0.03491917
   0.18479867 -0.00760726 -0.07015412  0.01401708 -0.10907151  0.10048319
   0.13691269 -0.06692313 -0.07419889 -0.01312884 -0.02327312 -0.11288071
   0.16064776 -0.02822297 -0.0403355   0.05003675  0.05265595 -0.00449144
   0.10460812 -0.01887955 -0.04230848 -0.10952349 -0.10190591  0.11121763
  -0.04751023 -0.07321818  0.148733   -0.11284617  0.05745884 -0.02531977
  -0.12327157 -0.02572047  0.12511712  0.03388088 -0.00033808 -0.06769966
  -0.05641317  0.07442514 -0.02345074 -0.09179308 -0.03826975 -0.07074702
   0.02108655  0.09423248 -0.20932604  0.13455911  0.05215289  0.02330297
   0.06284853  0.11324677]]
Marley_32 [[ 0.13479929 -0.07886406 -0.04503955  0.0413107   0.11876652  0.01500376
   0.04944821 -0.0350135   0.11864916 -0.08953443 -0.13349104 -0.13390912
  -0.13451287  0.08972105 -0.20135045 -0.07468983 -0.03304148 -0.207199
   0.03118693 -0.15970565  0.0572871  -0.02173399 -0.06080315  0.15256135
   0.05825051 -0.0184287   0.06257383  0.08654019  0.13051337  0.05901086
  -0.11937673 -0.05166769 -0.0476472   0.0676619  -0.03332532  0.03751024
   0.06970512  0.10994992 -0.04657047 -0.09689375  0.00093159 -0.13128018
   0.1758977  -0.04479596 -0.04342935 -0.04311032  0.14147002 -0.08896159
   0.08788086  0.04916743  0.08251952 -0.05370842 -0.01517749 -0.05332101
  -0.06616997  0.02792742 -0.0588786  -0.10972629 -0.02580085  0.05436711
  -0.01605017 -0.05864299 -0.1686866   0.12571481  0.07143347  0.0933885
   0.07386562  0.05882779 -0.06260464 -0.06674582 -0.06173348 -0.09943186
  -0.04695101 -0.01276231 -0.08448771 -0.12827511  0.04372169  0.04097137
   0.18340147  0.01280758 -0.08129729  0.00482442 -0.11205934  0.10460072
   0.14103018 -0.07379876 -0.05634276 -0.018462   -0.0169092  -0.1074166
   0.15471902 -0.03392094 -0.0448059   0.05009565  0.06484415  0.00573308
   0.09135257 -0.00581044 -0.03462082 -0.09662239 -0.09735134  0.1025774
  -0.03821592 -0.06605622  0.155834   -0.10452475  0.06155324 -0.02871287
  -0.1331552  -0.03548613  0.13644636  0.02409227 -0.00569986 -0.07500706
  -0.04470481  0.0716559  -0.02600795 -0.09093484 -0.02859249 -0.06949264
   0.01334049  0.08611886 -0.20613877  0.13375045  0.06259467  0.0229213
   0.06222899  0.12588955]]
Marley_33 [[ 0.10883761 -0.09221773 -0.04769299  0.0417629   0.08132205  0.01138717
   0.01236357 -0.01250638  0.12802835 -0.11295788 -0.142754   -0.13407664
  -0.13977979  0.06630697 -0.20078944 -0.08317814 -0.01820378 -0.23645343
   0.02490678 -0.19023895  0.05804372 -0.01138059 -0.04885138  0.16342539
   0.0345638  -0.03594425  0.05923399  0.07524254  0.11065666  0.10241904
  -0.09877597 -0.03541472 -0.05956907  0.08135518 -0.05551975  0.05466649
   0.09486437  0.09909227 -0.03449624 -0.07286759  0.00511288 -0.12615575
   0.13887922 -0.04171761 -0.04683819 -0.09001943  0.10913566 -0.08633528
   0.04560868  0.04384429  0.09679332 -0.05294084 -0.0414292  -0.05645923
  -0.09292461  0.02000399 -0.06015267 -0.10641864 -0.02735111  0.04481166
  -0.05418697 -0.06670002 -0.17353082  0.1112024   0.06213138  0.11092863
   0.04756403  0.06151315 -0.0363226  -0.05349025 -0.06717753 -0.08546337
  -0.0521822  -0.04314901 -0.06619278 -0.11238296  0.05129179  0.02329934
   0.18574165 -0.02950512 -0.05586553  0.0278343  -0.10350352  0.09420796
   0.12645392 -0.06307023 -0.0929152  -0.00672788 -0.02339231 -0.12661675
   0.16124007 -0.00779149 -0.03845906  0.04940928  0.03504127 -0.02514451
   0.12561928 -0.03924907 -0.05057997 -0.12427265 -0.10866231  0.12385522
  -0.05447661 -0.07878446  0.13355632 -0.11612173  0.05000504 -0.0183269
  -0.10700353 -0.00822356  0.10885489  0.0446544   0.01059458 -0.0545693
  -0.06411319  0.07472976 -0.01760522 -0.09112098 -0.05126494 -0.07378369
   0.03065037  0.10410524 -0.21500178  0.1431054   0.03588434  0.01442236
   0.06266987  0.09774063]]
Marley_34 [[ 0.10152283 -0.09710696 -0.0466806   0.04543037  0.07525045  0.01450381
   0.00396166 -0.00721973  0.13196497 -0.11472873 -0.14181465 -0.12930904
  -0.13929243  0.06211237 -0.1960181  -0.08041923 -0.01454247 -0.24042533
   0.03100307 -0.19414303  0.06038454 -0.0100756  -0.04453346  0.16793211
   0.02642343 -0.04021883  0.06112804  0.07080437  0.10729658  0.1111698
  -0.09086241 -0.03435078 -0.06410307  0.08584729 -0.0593146   0.06091401
   0.0954796   0.10205843 -0.03124377 -0.06432197  0.00435852 -0.12576327
   0.13190274 -0.0461988  -0.04801859 -0.09740655  0.09736872 -0.0824401
   0.03767146  0.0430917   0.10202467 -0.05214415 -0.04407266 -0.06042026
  -0.09743264  0.02285214 -0.05912828 -0.10524686 -0.02350271  0.0380167
  -0.06017799 -0.06621891 -0.17482123  0.10458857  0.05836118  0.11208292
   0.04367473  0.06181754 -0.03016456 -0.04926123 -0.07029599 -0.08535725
  -0.05102925 -0.04531571 -0.06248824 -0.1127619   0.05387232  0.01757594
   0.18476404 -0.03429775 -0.05039609  0.03515365 -0.10712381  0.09071273
   0.12189554 -0.06312951 -0.09779329 -0.00361759 -0.01983634 -0.13107014
   0.1579876   0.00068425 -0.0360921   0.04989659  0.0306204  -0.03278184
   0.13119228 -0.0467446  -0.05265995 -0.12944871 -0.11170879  0.13394141
  -0.05616632 -0.08007329  0.12764892 -0.11230485  0.04484963 -0.01624814
  -0.09929956 -0.0038077   0.10311323  0.04962278  0.01573243 -0.05148033
  -0.06260473  0.07130972 -0.01678419 -0.09015879 -0.05779276 -0.07509304
   0.03406151  0.10864075 -0.21757399  0.14618342  0.02673412  0.0085089
   0.06704994  0.08972622]]
Marley_35 [[ 0.14472288 -0.07460435 -0.0407623   0.04631746  0.13553432  0.01491661
   0.06860792 -0.04268529  0.11408342 -0.07698926 -0.12733331 -0.13388443
  -0.13265184  0.10143567 -0.19266587 -0.06125719 -0.03784396 -0.19170882
   0.05000949 -0.13765845  0.05035769 -0.02651076 -0.06936805  0.14428523
   0.06628425 -0.01271333  0.06206612  0.09184407  0.13627294  0.03589045
  -0.11852366 -0.0551488  -0.04228687  0.06167335 -0.02317621  0.02857592
   0.05212019  0.122347   -0.05071899 -0.10532511 -0.00334884 -0.12887998
   0.1888875  -0.04539866 -0.04478263 -0.0101611   0.14962715 -0.08612819
   0.10686743  0.04857052  0.06641887 -0.05448807  0.00297482 -0.06032438
  -0.04264168  0.03266045 -0.05093415 -0.11157519 -0.01740786  0.04949505
   0.00623734 -0.0491177  -0.16153465  0.12754934  0.07439791  0.07323895
   0.09183916  0.05461745 -0.07204171 -0.07555568 -0.06537108 -0.10438766
  -0.0352069   0.00757278 -0.08888189 -0.13986208  0.03780134  0.04745795
   0.18201618  0.05023049 -0.09274355 -0.0015525  -0.11849059  0.11137832
   0.14091362 -0.09023859 -0.03743912 -0.02703057 -0.00529891 -0.09370865
   0.14358994 -0.03602771 -0.05271127  0.06316244  0.08620417  0.01828756
   0.06701802  0.01263695 -0.02933417 -0.07930464 -0.08526378  0.09316459
  -0.02199237 -0.05385997  0.16060899 -0.08381623  0.07163469 -0.03277574
  -0.14074777 -0.04547912  0.14880659  0.01726094 -0.01324986 -0.08733539
  -0.02806465  0.07023318 -0.03519215 -0.09107463 -0.01581962 -0.0707093
   0.00363949  0.07578143 -0.20279737  0.13852724  0.07090883  0.02121157
   0.06909919  0.13972087]]
Marley_36 [[ 0.1230092  -0.08800328 -0.04706353  0.04187064  0.09578852  0.01441325
   0.02982324 -0.02349507  0.1264011  -0.10513723 -0.13984133 -0.13657285
  -0.13818432  0.0756517  -0.20252368 -0.07866917 -0.02275446 -0.2258359
   0.03217851 -0.1788898   0.05364354 -0.01524445 -0.05523794  0.15796389
   0.04204135 -0.02874124  0.06162544  0.08024269  0.11869781  0.08708397
  -0.1070529  -0.04021783 -0.05487253  0.07377626 -0.04728707  0.05173646
   0.08407331  0.10480779 -0.03967428 -0.08470829  0.0026178  -0.12997515
   0.15419903 -0.0431688  -0.04562699 -0.06837311  0.12200846 -0.08756787
   0.0632603   0.04881795  0.0872616  -0.05265747 -0.02922469 -0.05863834
  -0.07876036  0.0216006  -0.05617876 -0.10857623 -0.02329785  0.04540523
  -0.03844053 -0.06128864 -0.1723221   0.11803986  0.06755869  0.10303079
   0.0600063   0.05956846 -0.04859548 -0.05968091 -0.06658732 -0.0897645
  -0.04844346 -0.02875485 -0.0746441  -0.11867462  0.04787308  0.03366688
   0.18848807 -0.00754249 -0.06745267  0.01790869 -0.10896362  0.10071214
   0.13225171 -0.07069563 -0.07738464 -0.01294831 -0.0190307  -0.11511636
   0.15864015 -0.02001659 -0.0435917   0.05270774  0.05299166 -0.01057872
   0.10893375 -0.02280962 -0.04554765 -0.11194602 -0.10503929  0.11719972
  -0.04856294 -0.0715709   0.14229634 -0.10856285  0.05664004 -0.02280094
  -0.11643842 -0.02097829  0.1218095   0.03891005  0.00383216 -0.06588186
  -0.05561243  0.07448042 -0.02448786 -0.0933749  -0.04112019 -0.07428674
   0.02494737  0.09744419 -0.21568614  0.14271341  0.04621999  0.01593513
   0.06617149  0.11002585]]
Marley_37 [[ 0.12143257 -0.08499726 -0.04587509  0.03814369  0.09445211  0.01225609
   0.02690491 -0.02159036  0.12404206 -0.10499834 -0.13920395 -0.13857502
  -0.13901304  0.0742046  -0.20472006 -0.08470974 -0.02592272 -0.22601578
   0.02207386 -0.18084662  0.05729805 -0.01585563 -0.052526    0.15565495
   0.04593274 -0.02948483  0.05826619  0.08197971  0.11901332  0.08440094
  -0.11290246 -0.03970537 -0.05430385  0.07326368 -0.04687657  0.04775562
   0.08637969  0.09986813 -0.03939711 -0.08441013  0.00417582 -0.1256339
   0.15278882 -0.03718586 -0.04212049 -0.07203472  0.12877217 -0.09151705
   0.06129105  0.04579153  0.08979151 -0.05507775 -0.03421202 -0.05244097
  -0.08439735  0.01929083 -0.06065898 -0.1074072  -0.02816454  0.05270671
  -0.04087421 -0.06693677 -0.17244798  0.12270739  0.0731962   0.10598454
   0.05566373  0.05720745 -0.0480451  -0.05975216 -0.06210033 -0.08919524
  -0.05454132 -0.03325978 -0.07613318 -0.11589064  0.04932575  0.03367539
   0.18387598 -0.01905572 -0.06472937  0.01688492 -0.10228097  0.0985217
   0.13448688 -0.06153186 -0.08170225 -0.01253093 -0.02581002 -0.11642879
   0.1624309  -0.02423126 -0.03893933  0.04828558  0.04780653 -0.00864974
   0.11210348 -0.0232122  -0.04530549 -0.11515233 -0.10372407  0.11254114
  -0.05195362 -0.07456438  0.14676979 -0.11500404  0.05699668 -0.02289379
  -0.11919475 -0.0209303   0.12085591  0.03627966 -0.00081493 -0.06467079
  -0.06413842  0.0762614  -0.02208283 -0.09279171 -0.04133296 -0.06995701
   0.02558441  0.09725578 -0.20917368  0.13362949  0.04794823  0.02347567
   0.0592461   0.11005827]]
Marley_38 [[ 0.1138336  -0.08956933 -0.04577291  0.04136288  0.08737721  0.01306906
   0.01805843 -0.0176797   0.12712362 -0.10987469 -0.14186163 -0.13625246
  -0.14042643  0.06888445 -0.20210963 -0.08181024 -0.02172707 -0.23178345
   0.02532369 -0.1865647   0.05812714 -0.01445754 -0.04965696  0.16012417
   0.03870871 -0.03287349  0.05964212  0.07737814  0.11415865  0.09611976
  -0.10310055 -0.03807651 -0.05825087  0.07721846 -0.05151934  0.05246506
   0.08950412  0.10082917 -0.03751178 -0.07769058  0.00585364 -0.12540194
   0.14594746 -0.0422691  -0.04557209 -0.08179521  0.11389543 -0.08595525
   0.0527649   0.04545598  0.09392283 -0.05297097 -0.03841316 -0.05648024
  -0.08872929  0.02279957 -0.05756057 -0.10747693 -0.02620242  0.0474712
  -0.04841667 -0.06792786 -0.1740616   0.11460917  0.06463919  0.10854946
   0.05353323  0.06033616 -0.04201971 -0.05654337 -0.06582271 -0.08852073
  -0.04995204 -0.03742472 -0.07069675 -0.11565822  0.05137445  0.02713491
   0.18576647 -0.02301412 -0.06038572  0.02459062 -0.10620884  0.09741794
   0.12955678 -0.06523161 -0.08898026 -0.00788635 -0.02293998 -0.12136652
   0.16059747 -0.0135781  -0.03851884  0.05119111  0.0413424  -0.0189722
   0.11878151 -0.033926   -0.04920338 -0.11993027 -0.10671198  0.1203252
  -0.05252973 -0.07640485  0.1380107  -0.11453984  0.05285353 -0.01990368
  -0.11222135 -0.01313541  0.11410505  0.04311372  0.00792052 -0.05902606
  -0.061265    0.0758003  -0.02050763 -0.09124912 -0.04729593 -0.07404874
   0.02712509  0.10210556 -0.2138319   0.1408489   0.04055004  0.01710463
   0.06471799  0.1015825 ]]
Marley_39 [[ 0.10634262 -0.09298494 -0.0460049   0.04246945  0.08098263  0.01307951
   0.00851095 -0.01209073  0.12915052 -0.11264533 -0.14205842 -0.13321348
  -0.14017187  0.06448124 -0.19974102 -0.08289272 -0.01864831 -0.23691969
   0.02470435 -0.19194211  0.06083582 -0.01143281 -0.0456467   0.16423175
   0.03243698 -0.03670898  0.05867657  0.07406054  0.11047579  0.1040718
  -0.09703153 -0.03588944 -0.06088814  0.08157522 -0.05609751  0.05587197
   0.09426633  0.09939574 -0.03325327 -0.07097296  0.00630194 -0.12448173
   0.13727717 -0.04287638 -0.04640007 -0.09246523  0.10584486 -0.08496787
   0.04407396  0.04345495  0.09981657 -0.05230227 -0.04300881 -0.05723307
  -0.09554012  0.02201045 -0.0591589  -0.10614908 -0.02652766  0.04458318
  -0.05643434 -0.06870062 -0.17465581  0.10969928  0.0620652   0.11208685
   0.04674412  0.0614765  -0.03481666 -0.05173776 -0.0676324  -0.0865903
  -0.05258575 -0.04374291 -0.06631237 -0.11334963  0.05333648  0.02197954
   0.18427488 -0.03253798 -0.0539776   0.03002273 -0.1050927   0.09297927
   0.12589295 -0.06181205 -0.09514279 -0.00583353 -0.02407405 -0.12733047
   0.16076864 -0.00629736 -0.03524802  0.04876873  0.03279785 -0.02693828
   0.12703225 -0.04193399 -0.05109533 -0.12620138 -0.10911243  0.1268833
  -0.05569823 -0.07953423  0.13332823 -0.11549478  0.04837246 -0.0179819
  -0.10513341 -0.00816943  0.10690104  0.04588946  0.01234078 -0.05402651
  -0.06467579  0.07399653 -0.0169796  -0.08989301 -0.05325903 -0.07447593
   0.03102037  0.10625181 -0.21415102  0.14151102  0.03349564  0.01438953
   0.06419639  0.09503728]]
Marley_40 [[ 0.12174988 -0.08705897 -0.04425595  0.04220495  0.10210235  0.01307159
   0.02861992 -0.02276508  0.12478743 -0.10002144 -0.14086975 -0.13662986
  -0.13962725  0.07704186 -0.20156813 -0.07707336 -0.02507272 -0.2240042
   0.02886891 -0.17778711  0.05776946 -0.01705955 -0.05341636  0.15765691
   0.04383986 -0.02853575  0.06019676  0.08059939  0.12029227  0.08330768
  -0.10720788 -0.04354503 -0.05450664  0.07334376 -0.04521041  0.04679773
   0.0815483   0.10588174 -0.0402699  -0.08598735  0.00470639 -0.12767535
   0.15679137 -0.04336163 -0.04786502 -0.06638137  0.1217251  -0.08763172
   0.06738134  0.0464287   0.08898302 -0.05359171 -0.02879397 -0.05745518
  -0.08024614  0.02638071 -0.05630903 -0.10898878 -0.02392892  0.05025906
  -0.03625117 -0.06517641 -0.1734279   0.11966285  0.06526976  0.10421573
   0.06299245  0.05958424 -0.04856065 -0.06001318 -0.06482329 -0.09383476
  -0.04698235 -0.02916258 -0.07529472 -0.12437842  0.04938552  0.03107872
   0.18632734 -0.00722974 -0.06952406  0.0173047  -0.11018343  0.10260009
   0.13367778 -0.07175694 -0.07886345 -0.01298138 -0.02062192 -0.11636576
   0.15743673 -0.01896499 -0.04092734  0.05413987  0.04953546 -0.0117952
   0.10805198 -0.02621302 -0.04493331 -0.11053176 -0.10261178  0.11483645
  -0.04567296 -0.07047809  0.14314546 -0.10920636  0.05701328 -0.02428523
  -0.12046197 -0.02081758  0.12182475  0.0374836   0.00513811 -0.06560522
  -0.052675    0.07403604 -0.0231659  -0.09065321 -0.04066316 -0.07481209
   0.02054587  0.09750538 -0.21220073  0.14115804  0.04702608  0.0181476
   0.06576271  0.11242942]]
Marley_41 [[ 0.14186211 -0.07607184 -0.0404482   0.04393032  0.14553446  0.01927145
   0.07520867 -0.03375977  0.11620017 -0.06456194 -0.11778411 -0.12639019
  -0.12986939  0.10895973 -0.1911496  -0.05974051 -0.0444625  -0.1856539
   0.05722661 -0.12376608  0.05976584 -0.03122364 -0.0712534   0.14731462
   0.06914166 -0.00690512  0.07051943  0.09055604  0.14087556  0.02245734
  -0.11876789 -0.05761241 -0.04201144  0.07338725 -0.01629014  0.02692281
   0.04379121  0.13014948 -0.05154687 -0.10573599 -0.0124016  -0.12975822
   0.19898723 -0.05083804 -0.04765624 -0.01290827  0.15407246 -0.09355854
   0.11350027  0.04437719  0.08385227 -0.04778939  0.01122477 -0.05280992
  -0.04035673  0.04238912 -0.06632181 -0.10797279 -0.02178455  0.04882539
   0.00856476 -0.04114455 -0.16484481  0.12004015  0.07469036  0.06741922
   0.09871189  0.05253511 -0.07402568 -0.07363123 -0.06849517 -0.10848522
  -0.04385723  0.02155032 -0.09375191 -0.14493345  0.03638042  0.04585537
   0.16936381  0.0591606  -0.08904854 -0.00120021 -0.12063533  0.10929408
   0.1488413  -0.09158599 -0.02730038 -0.02752057  0.00131155 -0.09755566
   0.13800183 -0.03819739 -0.04956172  0.05288609  0.08067121  0.01821644
   0.07133121  0.00919436 -0.01143194 -0.07010808 -0.0854862   0.09779482
  -0.0165142  -0.06445785  0.16382083 -0.07886522  0.0607979  -0.03093848
  -0.14476989 -0.05787493  0.1468206   0.00157311 -0.01132088 -0.09186833
  -0.02037369  0.06290157 -0.02280855 -0.08106314 -0.02062823 -0.06982783
   0.00281393  0.06125181 -0.19621234  0.13750422  0.07209523  0.01814803
   0.06124626  0.13681945]]
Marley_42 [[ 0.14043377 -0.07962235 -0.04266207  0.04633581  0.12555185  0.01633568
   0.05834989 -0.03747392  0.11825971 -0.08440799 -0.1312451  -0.13348943
  -0.13459978  0.09453394 -0.19570732 -0.06567581 -0.03314335 -0.20123196
   0.04690973 -0.14903723  0.05224934 -0.02442721 -0.06541458  0.14827418
   0.05942817 -0.01548912  0.06260356  0.08807072  0.13217881  0.0497001
  -0.11451171 -0.05151755 -0.04663521  0.06588515 -0.02925423  0.03526505
   0.06059619  0.11956318 -0.04841352 -0.10157344 -0.00278347 -0.13055392
   0.18135399 -0.04590541 -0.0465185  -0.02518242  0.14079559 -0.08536931
   0.09599642  0.04986578  0.07264876 -0.05358775 -0.00478682 -0.06191732
  -0.05238251  0.0309083  -0.05211232 -0.11184498 -0.01736211  0.04833476
  -0.00515887 -0.05207612 -0.1658569   0.12592681  0.07039312  0.08227839
   0.08564964  0.05765985 -0.06544851 -0.07093865 -0.06536832 -0.10165512
  -0.03810855 -0.00155593 -0.08479537 -0.1368349   0.04128363  0.04402661
   0.18497613  0.03640203 -0.08704834  0.00447686 -0.11928628  0.10965974
   0.13918114 -0.0879333  -0.0480979  -0.02348977 -0.00814087 -0.10013054
   0.14753729 -0.03087649 -0.05091861  0.06060947  0.07744962  0.00926566
   0.07845429  0.00137868 -0.03273716 -0.08786426 -0.09241093  0.10166193
  -0.02915097 -0.05857241  0.15504745 -0.09043581  0.06679894 -0.02998236
  -0.13548687 -0.03980548  0.14268808  0.02299333 -0.00695719 -0.08199734
  -0.03246867  0.07043154 -0.03263205 -0.09218221 -0.02380919 -0.07431878
   0.00963656  0.08277714 -0.20770296  0.14228384  0.06374338  0.01847737
   0.0707757   0.13205801]]
Marley_43 [[ 0.10680097 -0.09239104 -0.04704291  0.04111357  0.07865635  0.01340625
   0.00723642 -0.01253855  0.12836279 -0.11306872 -0.14080365 -0.13346599
  -0.1396881   0.06419015 -0.2003214  -0.08517247 -0.01900302 -0.23690562
   0.02225225 -0.1918848   0.06167522 -0.01060806 -0.04478177  0.16337675
   0.03242457 -0.03692421  0.05768611  0.0749998   0.11045448  0.10539074
  -0.09858368 -0.03511058 -0.06033514  0.0804026  -0.05587766  0.05568845
   0.09606268  0.09861011 -0.03304201 -0.06981907  0.00688606 -0.1241514
   0.13644502 -0.04224396 -0.0452195  -0.09384332  0.10733167 -0.08577552
   0.04309865  0.04271811  0.1011067  -0.05288887 -0.04361783 -0.05661077
  -0.09728613  0.02052489 -0.05943237 -0.10640354 -0.02863719  0.0454704
  -0.05689354 -0.0687041  -0.17485426  0.11068842  0.06337784  0.11372317
   0.04438721  0.06140437 -0.03450015 -0.05064321 -0.06717825 -0.08575338
  -0.05535757 -0.04564977 -0.06695487 -0.11135457  0.05335791  0.02167
   0.18346688 -0.03623732 -0.05249687  0.02927486 -0.10348757  0.09141388
   0.1267918  -0.05994445 -0.09537108 -0.00606534 -0.02584412 -0.12688829
   0.16284195 -0.00717703 -0.03363505  0.04690177  0.03250267 -0.02694625
   0.12749214 -0.0423304  -0.05108948 -0.1268521  -0.10950325  0.12600727
  -0.05802786 -0.08007979  0.1342996  -0.11708273  0.04777844 -0.01841383
  -0.10406015 -0.00787971  0.10632679  0.04535941  0.01151855 -0.0539807
  -0.06775495  0.0736196  -0.0157548  -0.09000065 -0.05358678 -0.0728651
   0.03159646  0.10740002 -0.21338178  0.13829191  0.03289116  0.01637713
   0.06251801  0.09458563]]
Marley_44 [[ 0.14749365 -0.06680126 -0.0411792   0.04126529  0.14077555  0.00597385
   0.07804228 -0.04541203  0.10953154 -0.07299423 -0.12271255 -0.13715485
  -0.13450176  0.10686839 -0.1935538  -0.06457581 -0.04354358 -0.18419485
   0.0379829  -0.12632969  0.05176062 -0.02738007 -0.07348613  0.13899517
   0.07628481 -0.00339095  0.05882696  0.09478065  0.13832282  0.02261701
  -0.12828209 -0.0583192  -0.03716506  0.05937842 -0.0148681   0.01456878
   0.05126055  0.11614325 -0.05193932 -0.11204427  0.00105303 -0.12538199
   0.20187409 -0.03752451 -0.03882883 -0.00693931  0.16594906 -0.09401874
   0.11422017  0.04541798  0.06208146 -0.05521372  0.00312419 -0.0519616
  -0.04014701  0.0321491  -0.05693304 -0.10773312 -0.03147027  0.05841177
   0.01481255 -0.05134857 -0.1556591   0.1310442   0.07688623  0.06741474
   0.08997522  0.05131137 -0.07489637 -0.08169057 -0.06486927 -0.10145837
  -0.03936216  0.00820855 -0.09087934 -0.13588373  0.03676662  0.05006252
   0.1726682   0.05012921 -0.09629021 -0.00991927 -0.11143276  0.11363585
   0.14603943 -0.0876966  -0.02842204 -0.03013601 -0.01085713 -0.09185986
   0.14802533 -0.04275911 -0.05147474  0.05593261  0.08734112  0.02728759
   0.06206763  0.02253544 -0.02268825 -0.07224786 -0.07977105  0.07657941
  -0.01852233 -0.05703956  0.16718732 -0.09272742  0.07556699 -0.03102776
  -0.14408517 -0.05152291  0.15229183  0.00887273 -0.0206877  -0.08528375
  -0.03191128  0.07387817 -0.03013594 -0.09012926 -0.00185598 -0.0628771
  -0.00063896  0.06555694 -0.19257084  0.1274503   0.08320401  0.02890897
   0.05717913  0.14649414]]
Marley_45 [[ 0.09875062 -0.09768091 -0.04641432  0.0459821   0.07331049  0.01389559
   0.00193284 -0.00556333  0.13124985 -0.11443122 -0.1404479  -0.12855504
  -0.13918519  0.06203301 -0.19598229 -0.08011965 -0.01471841 -0.24134253
   0.02971131 -0.19501518  0.06242464 -0.00981293 -0.04329329  0.1680977
   0.02636009 -0.04052208  0.05958886  0.06964303  0.10614889  0.11247564
  -0.09001502 -0.03446884 -0.06388181  0.08796652 -0.06004408  0.05978032
   0.09616448  0.10134953 -0.02940088 -0.06238781  0.00530442 -0.12379575
   0.12991199 -0.04617974 -0.04848096 -0.10068619  0.09615093 -0.08167939
   0.03541326  0.04115365  0.10472158 -0.05177009 -0.04561384 -0.05997327
  -0.10033999  0.02303157 -0.06141627 -0.10595839 -0.02602497  0.03926815
  -0.06349353 -0.06713665 -0.17495582  0.10489716  0.05819036  0.11369055
   0.04249373  0.06194966 -0.02791747 -0.04779825 -0.07123013 -0.08624299
  -0.05346986 -0.04788933 -0.06129861 -0.11256371  0.05431835  0.01575783
   0.18318756 -0.03764468 -0.04757875  0.03662697 -0.10619488  0.08876222
   0.12214037 -0.06119724 -0.09986428 -0.00364401 -0.02083393 -0.13259302
   0.1585881   0.00314922 -0.03416783  0.04823354  0.02652786 -0.03536314
   0.13406162 -0.04944214 -0.05253353 -0.13086714 -0.11241813  0.1342291
  -0.05708634 -0.08192348  0.12715589 -0.1128727   0.04358968 -0.01506789
  -0.0982945  -0.00324485  0.10124266  0.04855676  0.01665378 -0.05081228
  -0.0640066   0.07083184 -0.01450808 -0.08849873 -0.05927483 -0.07556492
   0.03500863  0.10946704 -0.21608275  0.14487018  0.02473625  0.00893138
   0.06496957  0.08876982]]
Marley_46 [[ 0.11117279 -0.09069585 -0.04702866  0.0413652   0.08514186  0.01177185
   0.01513517 -0.01369038  0.12820455 -0.11121622 -0.14127797 -0.13462263
  -0.13959938  0.06758194 -0.20150407 -0.0826813  -0.02106718 -0.23430394
   0.02423434 -0.18886943  0.05919225 -0.01226169 -0.04780808  0.16251962
   0.03648499 -0.0349638   0.05964424  0.0765244   0.11273862  0.0987118
  -0.10143558 -0.03622236 -0.05920623  0.08070371 -0.05475607  0.05401528
   0.09293107  0.0984197  -0.03560201 -0.07493434  0.00443618 -0.12521243
   0.14233178 -0.04131655 -0.04478227 -0.08764348  0.11347465 -0.08640413
   0.04929458  0.04386117  0.09726059 -0.05321151 -0.04014504 -0.0560193
  -0.0925974   0.02055974 -0.06104903 -0.10583275 -0.0267715   0.04645265
  -0.05322691 -0.06730932 -0.17359987  0.11333517  0.06529833  0.11004595
   0.04948046  0.06122253 -0.03867914 -0.05466647 -0.06571396 -0.08679932
  -0.05343977 -0.04071738 -0.06889706 -0.11291452  0.05143525  0.0258381
   0.18357769 -0.02880834 -0.05722     0.02614499 -0.10444857  0.09418676
   0.12793201 -0.06066122 -0.09111088 -0.00814377 -0.0238118  -0.12488004
   0.1617163  -0.01164917 -0.03759103  0.04709861  0.03685727 -0.02147126
   0.12396482 -0.03532885 -0.04862949 -0.12272911 -0.10773102  0.12273894
  -0.05458815 -0.07913774  0.13792884 -0.11613964  0.04998755 -0.01875461
  -0.10950002 -0.01161972  0.1108081   0.04258947  0.00804455 -0.05720388
  -0.06512786  0.07487019 -0.01838456 -0.09139863 -0.05046056 -0.07259835
   0.03127826  0.10342592 -0.21276245  0.13984406  0.03755677  0.01664481
   0.06170033  0.09959643]]
Marley_47 [[ 0.14191708 -0.07119942 -0.04400974  0.03585546  0.11923362  0.00954622
   0.05468517 -0.04168871  0.11479498 -0.09237093 -0.13518608 -0.1432914
  -0.13581035  0.08758291 -0.20306289 -0.07973107 -0.03540387 -0.2029092
   0.02265199 -0.15736929  0.05195421 -0.02124727 -0.06307967  0.14161466
   0.06462877 -0.01632946  0.05617345  0.09170298  0.13078526  0.05065376
  -0.12634654 -0.04954274 -0.04279505  0.0551319  -0.02767673  0.03125522
   0.06978522  0.10626641 -0.04997849 -0.10510339  0.00537016 -0.12524192
   0.17715058 -0.03475142 -0.03787191 -0.0318041   0.15113273 -0.09043001
   0.09275507  0.0507178   0.06789623 -0.05599456 -0.01623886 -0.05335137
  -0.05925386  0.0206147  -0.04788816 -0.10940248 -0.02617937  0.0607769
  -0.00804964 -0.06099626 -0.16309118  0.13097803  0.07600803  0.08934553
   0.0775995   0.05562729 -0.06869888 -0.07280363 -0.05821387 -0.09379471
  -0.04324206 -0.01206958 -0.08673296 -0.12343701  0.04183708  0.04829744
   0.18440756  0.01735083 -0.08760717 -0.00198029 -0.10432187  0.11174075
   0.13913095 -0.07613227 -0.05567276 -0.02176173 -0.02321633 -0.09717617
   0.15784204 -0.04342541 -0.04621727  0.05756967  0.07398362  0.01457327
   0.08122694  0.00247234 -0.03683026 -0.09396342 -0.08884308  0.08899951
  -0.0354384  -0.05872365  0.15841421 -0.10705139  0.07422341 -0.03059342
  -0.13731073 -0.03613251  0.1421283   0.02389577 -0.01257849 -0.07767034
  -0.05154743  0.07843404 -0.03151768 -0.09456873 -0.01729821 -0.06863832
   0.0085491   0.0846825  -0.20253043  0.12723757  0.07103886  0.02933251
   0.06125602  0.13358997]]
Marley_48 [[ 0.12654051 -0.08291201 -0.04773151  0.03870627  0.09854428  0.01368711
   0.03205932 -0.02605084  0.12229865 -0.10539108 -0.13943736 -0.13785522
  -0.13895491  0.07485422 -0.20594414 -0.08540354 -0.02879185 -0.22009358
   0.02156672 -0.17668712  0.05566194 -0.01593808 -0.05670537  0.1547951
   0.04716255 -0.02412585  0.06025095  0.08218051  0.12034496  0.08239835
  -0.11356988 -0.0404771  -0.0544608   0.0696971  -0.04431665  0.04748116
   0.08507343  0.10066084 -0.04264601 -0.09045999  0.00427746 -0.12762663
   0.15765855 -0.03947376 -0.04044154 -0.06781501  0.12931974 -0.08969167
   0.06628735  0.04956517  0.0884743  -0.0530509  -0.0313065  -0.05452487
  -0.0786261   0.02032273 -0.05662322 -0.10824588 -0.027849    0.05149107
  -0.0361302  -0.06467199 -0.1720532   0.12020949  0.07030883  0.10331362
   0.05839135  0.06116256 -0.05171261 -0.06148445 -0.06257128 -0.08905157
  -0.05150374 -0.0276057  -0.07876881 -0.11562365  0.0468928   0.03600394
   0.18598509 -0.01045718 -0.06891727  0.01428807 -0.10801478  0.09997585
   0.13614745 -0.06737643 -0.07534385 -0.01335408 -0.02379966 -0.11329092
   0.16233143 -0.02853713 -0.04079954  0.04886458  0.05141822 -0.00595706
   0.10750458 -0.02047853 -0.04313345 -0.11156688 -0.10333085  0.11143456
  -0.04867291 -0.07528872  0.14656126 -0.11545963  0.05689294 -0.02396814
  -0.12034028 -0.02258541  0.12219507  0.0353056   0.00184737 -0.06485637
  -0.05954875  0.07535658 -0.02185885 -0.09304107 -0.03806034 -0.07103734
   0.02303317  0.09511136 -0.21071127  0.13547568  0.05191226  0.02349784
   0.06253314  0.11043166]]
Marley_49 [[ 1.24898456e-01 -8.67806450e-02 -4.47656550e-02  4.37388755e-02
   1.02760233e-01  1.19386828e-02  3.53097394e-02 -2.28151809e-02
   1.27026290e-01 -1.00893945e-01 -1.38645813e-01 -1.37572423e-01
  -1.38491109e-01  8.08641538e-02 -2.00899348e-01 -7.46541247e-02
  -2.58594900e-02 -2.23394677e-01  3.52765098e-02 -1.74768195e-01
   5.49788252e-02 -1.65474117e-02 -5.62588498e-02  1.57809243e-01
   4.63019498e-02 -2.69307476e-02  6.20579980e-02  8.13747868e-02
   1.20982930e-01  7.87799805e-02 -1.08731531e-01 -4.26903181e-02
  -5.26783951e-02  7.56220594e-02 -4.55127209e-02  4.84218858e-02
   8.06467906e-02  1.07360579e-01 -4.11572866e-02 -8.72937590e-02
   2.41097834e-04 -1.30177841e-01  1.60192117e-01 -4.37526852e-02
  -4.70611081e-02 -6.29045591e-02  1.26428038e-01 -8.93357620e-02
   6.84330091e-02  4.70452011e-02  8.76777843e-02 -5.38077056e-02
  -2.55493540e-02 -5.82057610e-02 -7.57805631e-02  2.44736355e-02
  -5.95607981e-02 -1.08008958e-01 -2.37038471e-02  4.60574329e-02
  -3.34075801e-02 -6.04588315e-02 -1.71495870e-01  1.19779386e-01
   6.88046589e-02  9.99732241e-02  6.50927424e-02  5.92851788e-02
  -4.99630161e-02 -6.30453601e-02 -6.67364150e-02 -9.32646245e-02
  -4.73780669e-02 -2.36182176e-02 -7.56287947e-02 -1.23093866e-01
   4.82828505e-02  3.34808342e-02  1.86046332e-01  1.71735519e-04
  -7.14437738e-02  1.54816676e-02 -1.10306621e-01  1.02408864e-01
   1.33830696e-01 -7.14085773e-02 -7.26373494e-02 -1.36449309e-02
  -1.66251324e-02 -1.14950702e-01  1.56888753e-01 -1.97933298e-02
  -4.37736884e-02  5.19125164e-02  5.54909073e-02 -7.15249684e-03
   1.06351554e-01 -1.76027622e-02 -4.21809703e-02 -1.07001290e-01
  -1.01840645e-01  1.14705339e-01 -4.41819727e-02 -7.08787441e-02
   1.44858867e-01 -1.06037676e-01  5.73877282e-02 -2.30364334e-02
  -1.20806269e-01 -2.38220897e-02  1.25192881e-01  3.44348624e-02
  -8.28387056e-05 -6.87450320e-02 -5.15485592e-02  7.38459080e-02
  -2.39122659e-02 -9.21573415e-02 -3.93099561e-02 -7.37913400e-02
   2.22822186e-02  9.28516760e-02 -2.13026300e-01  1.43202960e-01
   4.75653037e-02  1.51857845e-02  6.46248907e-02  1.14295512e-01]]
