      0/99     2.07G   0.07195  0.005523         0   0.07747        15       256    0.1957    0.1037   0.04885  0.006669    0.1054  0.006188         0
      1/99     2.42G   0.06414  0.006343         0   0.07048        23       256    0.1851    0.1111   0.07919   0.01106   0.09404  0.006857         0
      2/99     2.42G   0.05931  0.006738         0   0.06605        14       256    0.1897    0.3111    0.1786   0.02897   0.08845   0.00708         0
      3/99     2.42G    0.0576  0.006491         0   0.06409        17       256    0.2151    0.4222    0.1674   0.02848   0.08777  0.006572         0
      4/99     2.42G   0.05817  0.006095         0   0.06426        15       256    0.3345    0.3926    0.2385   0.05116   0.08765  0.006006         0
      5/99     2.42G   0.05554  0.005709         0   0.06125        18       256    0.4041    0.3556    0.2946   0.06441   0.08018  0.006351         0
      6/99     2.42G   0.05768  0.005961         0   0.06364        14       256    0.3839      0.42    0.2612   0.06154   0.08167  0.006419         0
      7/99     2.42G   0.05033  0.005594         0   0.05592        24       256    0.4276    0.5256    0.3723    0.1039   0.07636  0.006727         0
      8/99     2.42G   0.05047  0.005709         0   0.05618        17       256   0.06079     0.363   0.04213  0.006483    0.1131  0.005062         0
      9/99     2.42G   0.04824  0.005417         0   0.05366        15       256    0.4309    0.3926    0.2882    0.0738   0.09689  0.005834         0
     10/99     2.42G   0.05965   0.00548         0   0.06513        18       256   0.01154   0.03704   0.00443  0.000634    0.1164  0.005518         0
     11/99     2.42G   0.05919  0.005461         0   0.06465        15       256   0.03656    0.1037   0.02043  0.003285    0.1053  0.005592         0
     12/99     2.42G   0.05765  0.005813         0   0.06346        19       256    0.2666   0.01481   0.01469  0.006931   0.09944  0.007427         0
     13/99     2.42G   0.05648  0.005525         0   0.06201        22       256   0.02598    0.3037   0.01685  0.003279   0.09753  0.006974         0
     14/99     2.42G   0.06246  0.005675         0   0.06814        18       256  0.003578    0.6074  0.002719 0.0003343    0.1196    0.3721         0
     15/99     2.42G   0.05732  0.005724         0   0.06305        13       256    0.3033    0.2222    0.1151    0.0326   0.08964  0.006678         0
     16/99     2.42G   0.05553  0.005634         0   0.06116        16       256    0.2972    0.3407     0.198   0.05034   0.08309  0.006946         0
     17/99     2.42G   0.05996  0.005562         0   0.06552        17       256  0.005116    0.2148  0.002928 0.0003743    0.1282    0.3781         0
     18/99     2.42G   0.05724  0.005506         0   0.06274        12       256    0.1379    0.1852   0.05434   0.01338   0.08942  0.007473         0
     19/99     2.42G   0.05117  0.005706         0   0.05688        23       256    0.4396    0.2815    0.2368   0.06732   0.08741  0.006754         0
     20/99     2.42G   0.05625  0.005298         0   0.06155        17       256    0.4243    0.2741    0.1944   0.05013   0.09133   0.00635         0
     21/99     2.42G   0.04997  0.005115         0   0.05509        11       256     0.464    0.4296    0.3062   0.08062   0.08569  0.007007         0
     22/99     2.42G   0.05203  0.005429         0   0.05746        13       256     0.546    0.4811    0.3572    0.1037   0.08783  0.006473         0
     23/99     2.42G   0.05035   0.00516         0   0.05551        17       256    0.5129    0.3852    0.3024    0.1011    0.0878    0.0069         0
     24/99     2.42G   0.04756  0.004952         0   0.05251        12       256     0.392    0.2963    0.2255   0.06466    0.1001  0.006048         0
     25/99     2.42G   0.04901  0.005333         0   0.05434        18       256    0.6035    0.4741    0.4264    0.1419   0.08796  0.006882         0
     26/99     2.42G   0.05518  0.005355         0   0.06054        12       256    0.4987    0.4444    0.3017   0.09168   0.09187  0.006734         0
     27/99     2.42G    0.0489  0.005387         0   0.05428        20       256    0.2848    0.3778    0.2165   0.05841   0.09329  0.007483         0
     28/99     2.42G   0.05328  0.005645         0   0.05893        16       256    0.1089    0.2815   0.08882   0.02468   0.09384  0.008369         0
     29/99     2.42G   0.05216  0.005422         0   0.05758        13       256    0.0305   0.02222  0.004275 0.0008203    0.1164   0.01312         0
     30/99     2.42G    0.0529  0.005428         0   0.05833        18       256   0.02816   0.05926   0.00418  0.000753    0.1311   0.07586         0
     31/99     2.42G   0.05967  0.005358         0   0.06503        22       256    0.4378    0.3407    0.2651   0.08434   0.09529  0.007174         0
     32/99     2.42G   0.04706  0.005293         0   0.05235        10       256    0.5522    0.3111    0.2548   0.06978   0.09573  0.007378         0
     33/99     2.42G   0.05549  0.005101         0   0.06059        16       256    0.1675       0.2   0.07308   0.01501    0.1123  0.007132         0
     34/99     2.42G   0.04915  0.005011         0   0.05416        17       256   0.04197   0.05185   0.01024  0.001691    0.1278  0.008458         0
     35/99     2.42G   0.04702  0.005255         0   0.05227        10       256    0.1127   0.08889   0.03096  0.008258    0.1256  0.009062         0
     36/99     2.42G   0.04676  0.005104         0   0.05186        21       256    0.3524    0.1773     0.119   0.02973    0.1217   0.00741         0
     37/99     2.42G   0.05195  0.004953         0    0.0569        15       256    0.1838   0.08148   0.03624  0.008063     0.127   0.01475         0
     38/99     2.42G   0.04102  0.005012         0   0.04604        14       256    0.1922    0.1556    0.0915   0.02048    0.1173  0.008699         0
     39/99     2.42G   0.05197  0.005099         0   0.05707        20       256    0.5687    0.3037    0.2841   0.09477     0.107   0.00661         0
     40/99     2.42G   0.04507  0.004968         0   0.05004        19       256    0.6769    0.4811    0.4394    0.1548    0.1008  0.006129         0
     41/99     2.42G   0.05165  0.004848         0    0.0565        19       256    0.7356    0.4741    0.4779    0.1629   0.09969  0.005945         0
     42/99     2.42G   0.04383  0.004803         0   0.04863        20       256    0.6491      0.37    0.3517    0.1088    0.1014  0.006606         0
     43/99     2.42G   0.04231  0.004795         0    0.0471        16       256    0.6983    0.3778    0.3482    0.1262    0.1005  0.006872         0
     44/99     2.42G   0.04526  0.004874         0   0.05013        15       256    0.5951     0.437    0.3324    0.1202    0.1001  0.007231         0
     45/99     2.42G   0.04568  0.004749         0   0.05043        13       256    0.6476    0.5037    0.4209    0.1318   0.09826  0.006518         0
     46/99     2.42G   0.03977  0.004826         0    0.0446        14       256    0.6238    0.5185    0.4077    0.1318   0.09833   0.00654         0
     47/99     2.42G   0.05151  0.004835         0   0.05635        13       256    0.6573    0.5259    0.4214    0.1496   0.09753  0.006486         0
     48/99     2.42G   0.04565  0.004672         0   0.05032        16       256    0.5928    0.4961    0.3471     0.119   0.09795  0.006566         0
     49/99     2.42G   0.04677  0.004725         0    0.0515        18       256    0.6094    0.5556    0.4192    0.1461   0.09751  0.006636         0
     50/99     2.42G   0.04114  0.004827         0   0.04596        21       256    0.6495    0.5628    0.4464    0.1574   0.09699  0.006645         0
     51/99     2.42G   0.04959  0.004662         0   0.05425        14       256    0.6573    0.5256    0.4086    0.1326   0.09609  0.006755         0
     52/99     2.42G   0.04836  0.004778         0   0.05314         9       256    0.6761    0.5259    0.4404    0.1429   0.09624  0.006765         0
     53/99     2.42G   0.05005  0.004625         0   0.05468        17       256    0.6356    0.5185    0.4145    0.1468   0.09654  0.006992         0
     54/99     2.42G   0.04198  0.004644         0   0.04663        22       256    0.6759    0.5406    0.4448    0.1595   0.09561  0.006895         0
     55/99     2.42G   0.04536  0.004512         0   0.04987        11       256    0.6635    0.5259      0.44    0.1545   0.09681  0.006821         0
     56/99     2.42G   0.04096  0.004416         0   0.04537        17       256    0.6793    0.5185    0.4407    0.1616   0.09579  0.006854         0
     57/99     2.42G   0.04097  0.004626         0   0.04559        23       256    0.6853    0.5333    0.4427     0.162   0.09285  0.006968         0
     58/99     2.42G     0.048   0.00449         0   0.05249        24       256     0.663    0.5556    0.4456    0.1555   0.09248  0.006995         0
     59/99     2.42G   0.04578  0.004504         0   0.05028        15       256    0.6544    0.5333    0.4151    0.1398    0.0929  0.007641         0
     60/99     2.42G   0.05206  0.004887         0   0.05695        20       256      0.64     0.474    0.3633    0.1236   0.09394  0.007294         0
     61/99     2.42G   0.04469  0.004616         0    0.0493        13       256    0.6868    0.5036    0.4143    0.1307   0.09246  0.007484         0
     62/99     2.42G   0.04003   0.00462         0   0.04465        19       256    0.5664    0.2519    0.2055    0.0882    0.1008   0.01105         0
     63/99     2.42G   0.04647  0.004468         0   0.05093        12       256    0.6543    0.2963    0.2469   0.09674   0.09634  0.008542         0
     64/99     2.42G   0.04218  0.004439         0   0.04662        12       256    0.5954    0.3924    0.3291    0.1259   0.09148  0.007672         0
     65/99     2.42G   0.04578  0.004581         0   0.05036        21       256    0.6263    0.4592    0.3784    0.1415   0.09037  0.007417         0
     66/99     2.42G   0.05078  0.004532         0   0.05531        20       256    0.6698    0.4963    0.3917    0.1459   0.08757  0.007468         0
     67/99     2.42G   0.04693  0.004477         0   0.05141        13       256    0.6605    0.5331    0.4138    0.1509    0.0867  0.007403         0
     68/99     2.42G   0.04066  0.004527         0   0.04518        20       256    0.6564    0.4963    0.3967    0.1399   0.08783  0.007351         0
     69/99     2.42G   0.04272   0.00455         0   0.04727        12       256    0.6856    0.5333    0.4229    0.1501   0.08795  0.007425         0
     70/99     2.42G   0.04877  0.004426         0    0.0532        13       256    0.6792    0.5333    0.4168    0.1554   0.08737  0.007483         0
     71/99     2.42G   0.04979  0.004689         0   0.05448        14       256    0.7132    0.5556    0.4529    0.1558   0.08641  0.007488         0
     72/99     2.42G   0.04724   0.00435         0   0.05159        10       256    0.6971    0.5627    0.4565     0.162   0.08624  0.007564         0
     73/99     2.42G    0.0393  0.004578         0   0.04388        16       256    0.7254    0.5481    0.4543    0.1705   0.08633  0.007552         0
     74/99     2.42G   0.04316  0.004401         0   0.04757        12       256    0.6849    0.5481    0.4382    0.1658   0.08602  0.007556         0
     75/99     2.42G   0.03819  0.004513         0    0.0427        14       256    0.6847     0.547    0.4438    0.1592   0.08513  0.007586         0
     76/99     2.42G   0.04524  0.004575         0   0.04981        14       256     0.685    0.5481    0.4414     0.164   0.08409  0.007595         0
     77/99     2.42G   0.03878   0.00465         0   0.04343        17       256     0.691    0.5481    0.4462    0.1612   0.08811   0.00755         0
     78/99     2.42G   0.03851  0.004348         0   0.04286        13       256    0.6574    0.5259     0.416    0.1571   0.08973  0.007536         0
     79/99     2.42G   0.04473  0.004578         0   0.04931        16       256    0.6292    0.5407    0.4284    0.1526   0.09138  0.007578         0
     80/99     2.42G   0.04451  0.004465         0   0.04897        14       256     0.704    0.5111     0.422     0.155   0.08988   0.00766         0
     81/99     2.42G   0.04161  0.004596         0    0.0462        18       256    0.7215    0.5181    0.4337    0.1615   0.08664  0.007699         0
     82/99     2.42G   0.04337  0.004528         0    0.0479        20       256    0.6727    0.5481    0.4342    0.1647   0.08514  0.007647         0
     83/99     2.42G   0.04275  0.004418         0   0.04717        15       256    0.6815    0.5556    0.4484    0.1685   0.08401  0.007629         0
     84/99     2.42G   0.04063    0.0045         0   0.04513        17       256    0.6757    0.5555    0.4449    0.1672   0.08342  0.007708         0
     85/99     2.42G   0.04459  0.004224         0   0.04881        16       256    0.6782    0.5778    0.4706    0.1728   0.08506  0.007595         0
     86/99     2.42G   0.04214  0.004224         0   0.04636        16       256    0.7225    0.5407    0.4739    0.1779    0.0852  0.007609         0
     87/99     2.42G   0.03496  0.004304         0   0.03926        14       256    0.7298    0.5402    0.4782     0.178     0.087  0.007572         0
     88/99     2.42G   0.03768   0.00442         0    0.0421        24       256    0.7138    0.5185    0.4471    0.1779   0.08592  0.007625         0
     89/99     2.42G   0.03878  0.004362         0   0.04315        15       256    0.6814    0.5704    0.4636    0.1708   0.08405   0.00768         0
     90/99     2.42G    0.0394  0.004308         0   0.04371        19       256    0.6987    0.5333    0.4371    0.1622   0.08185  0.007788         0
     91/99     2.42G   0.03605  0.004393         0   0.04044        13       256    0.7016    0.5399    0.4615    0.1709   0.08266  0.007784         0
     92/99     2.42G   0.03936  0.004226         0   0.04358        16       256    0.7266    0.5316    0.4656    0.1749   0.08266  0.007744         0
     93/99     2.42G   0.03806  0.004271         0   0.04233        11       256    0.7114    0.5479     0.466    0.1729   0.08396  0.007787         0
     94/99     2.42G   0.03667  0.004295         0   0.04096        20       256    0.7048    0.5481    0.4671    0.1676   0.08377  0.007813         0
     95/99     2.42G   0.03673   0.00434         0   0.04107         9       256    0.6943    0.5551    0.4697    0.1766    0.0839  0.007774         0
     96/99     2.42G   0.03503  0.004197         0   0.03922        12       256    0.6907     0.563    0.4734    0.1741   0.08215  0.007825         0
     97/99     2.42G   0.03786  0.004237         0   0.04209        13       256    0.6943    0.5556    0.4715    0.1737   0.08209  0.007833         0
     98/99     2.42G   0.03274  0.004207         0   0.03694        16       256    0.6754    0.5704    0.4694    0.1729   0.08273  0.007822         0
     99/99     2.42G   0.03559  0.004314         0    0.0399        16       256    0.6841    0.5778    0.4669    0.1757   0.08462  0.007803         0
