     0/249     2.07G   0.07068  0.005547         0   0.07622        27       256   0.08859    0.1021   0.03123  0.005803   0.09683  0.006902         0
     1/249     2.39G   0.06104  0.006247         0   0.06729        34       256   0.09906    0.1319   0.04142  0.007466   0.08466  0.007302         0
     2/249     2.39G   0.05351  0.006548         0   0.06006        27       256    0.3361    0.4894    0.2617   0.06473   0.07001  0.007524         0
     3/249     2.39G    0.0511  0.006272         0   0.05737        29       256      0.56    0.6825    0.6146    0.1821   0.07332  0.006932         0
     4/249     2.39G   0.05222  0.005791         0   0.05801        25       256    0.4134    0.4649    0.3517   0.09512   0.08992  0.005727         0
     5/249     2.39G   0.06064  0.005096         0   0.06574        25       256    0.1034     0.217   0.06603   0.01683    0.1019  0.005636         0
     6/249     2.39G   0.06468   0.00498         0   0.06966        28       256     0.114    0.2298   0.06073   0.01362    0.1056  0.005047         0
     7/249     2.39G   0.06446   0.00507         0   0.06953        32       256    0.1007    0.2201   0.05529   0.01206   0.09109  0.006462         0
     8/249     2.39G   0.06457  0.004991         0   0.06956        30       256    0.2085    0.4043    0.1989   0.05067   0.08667  0.006436         0
     9/249     2.39G   0.06413  0.005002         0   0.06913        28       256    0.1806    0.3489    0.1564   0.04029   0.08714  0.006295         0
    10/249     2.39G      0.06  0.005117         0   0.06511        31       256    0.2065    0.3064     0.149   0.03645    0.1005  0.005123         0
    11/249     2.39G   0.05886  0.005051         0   0.06391        23       256    0.4229    0.3021    0.2734   0.07674   0.08233  0.006614         0
    12/249     2.39G   0.06081  0.005185         0   0.06599        22       256  0.009457    0.1362  0.005122  0.000986   0.09788  0.007936         0
    13/249     2.39G   0.05977  0.005114         0   0.06489        31       256     0.259     0.166    0.1105   0.03405   0.09688  0.006356         0
    14/249     2.39G   0.06189  0.005056         0   0.06695        28       256   0.04035   0.02553  0.006605  0.001247    0.1218   0.02107         0
    15/249     2.39G   0.05715  0.005143         0    0.0623        31       256    0.2345       0.2    0.1074   0.02555   0.08656  0.007011         0
    16/249     2.39G   0.06071  0.005152         0   0.06587        25       256    0.2071    0.2723    0.1437   0.04056   0.08947  0.006836         0
    17/249     2.39G   0.05994  0.005053         0   0.06499        30       256    0.1899    0.2681    0.1206   0.02592   0.08865  0.007228         0
    18/249     2.39G   0.05744  0.004876         0   0.06232        28       256    0.2437    0.3957       0.2   0.05167   0.08877  0.006202         0
    19/249     2.39G   0.05557  0.004924         0   0.06049        27       256    0.3608     0.366    0.2572   0.07446   0.08211  0.006335         0
    20/249     2.39G   0.05824  0.004963         0    0.0632        36       256    0.2392    0.2128    0.1504   0.03438    0.1113  0.007247         0
    21/249     2.39G    0.0558  0.004883         0   0.06068        25       256     0.386    0.4766    0.3332    0.1059   0.09816  0.005119         0
    22/249     2.39G   0.05448  0.005039         0   0.05952        25       256    0.3886    0.5301    0.3892    0.1314    0.0835  0.005558         0
    23/249     2.39G   0.05338  0.005032         0   0.05841        34       256     0.553    0.5053    0.4646    0.1538   0.08701  0.005599         0
    24/249     2.39G    0.0562  0.004832         0   0.06104        24       256    0.4977    0.5106    0.4392    0.1423   0.08467  0.005911         0
    25/249     2.39G   0.05525  0.005157         0   0.06041        27       256    0.5988    0.5399    0.4891    0.1597   0.08328  0.006064         0
    26/249     2.39G   0.05417  0.004912         0   0.05908        28       256     0.597    0.5915    0.5071    0.1726   0.08165   0.00559         0
    27/249     2.39G   0.05149  0.004936         0   0.05643        23       256    0.6641     0.566    0.6047    0.2207   0.08202  0.005873         0
    28/249     2.39G   0.05263  0.004837         0   0.05747        22       256    0.6993     0.574    0.5846    0.1999   0.08769  0.005415         0
    29/249     2.39G    0.0522  0.004839         0   0.05704        25       256    0.6705    0.6668    0.6539    0.2276   0.08689  0.005122         0
    30/249     2.39G   0.05113  0.004895         0   0.05602        21       256    0.6176     0.536    0.5179    0.1648   0.08578  0.005882         0
    31/249     2.39G   0.05171  0.004767         0   0.05648        27       256    0.6381    0.5872    0.5897    0.2067   0.08823  0.005545         0
    32/249     2.39G   0.05044  0.004702         0   0.05515        23       256    0.6332    0.5957    0.6054    0.2125    0.0836  0.005574         0
    33/249     2.39G    0.0507  0.004773         0   0.05548        33       256    0.7856     0.608    0.6872    0.2711   0.07612   0.00588         0
    34/249     2.39G   0.05049  0.004564         0   0.05505        35       256    0.7093    0.6125    0.6699     0.281   0.07592  0.005746         0
    35/249     2.39G   0.05114  0.004886         0   0.05603        35       256    0.7313    0.6426    0.7077    0.2913   0.07126  0.005963         0
    36/249     2.39G   0.04922  0.004701         0   0.05392        22       256    0.8333     0.617    0.7225    0.2824   0.07382  0.005804         0
    37/249     2.39G      0.05   0.00454         0   0.05454        27       256    0.7155    0.6634    0.7011    0.2706   0.07398  0.005999         0
    38/249     2.39G   0.04822  0.004599         0   0.05282        24       256    0.6275    0.7742    0.7096    0.2774   0.07463  0.005672         0
    39/249     2.39G   0.05043  0.004545         0   0.05498        33       256    0.7127    0.6979    0.7369    0.3074   0.07561  0.005438         0
    40/249     2.39G    0.0483  0.004615         0   0.05291        30       256    0.7643    0.7191    0.7709    0.3206   0.07197  0.005809         0
    41/249     2.39G   0.04632  0.004722         0   0.05104        37       256    0.7979    0.7064    0.7868    0.3256   0.07077  0.005926         0
    42/249     2.39G   0.04728  0.004608         0   0.05189        26       256    0.7316    0.6383    0.7098    0.2947   0.07364  0.005726         0
    43/249     2.39G   0.04659  0.004557         0   0.05114        25       256    0.8168    0.7021    0.7734    0.3374   0.06859  0.005951         0
    44/249     2.39G   0.04666  0.004731         0   0.05139        29       256    0.7975    0.6723    0.7539      0.33   0.06817  0.005866         0
    45/249     2.39G   0.04581  0.004574         0   0.05039        30       256    0.6981    0.7969    0.7599    0.2965   0.06743  0.006149         0
    46/249     2.39G   0.04712  0.004573         0   0.05169        32       256    0.6786    0.7995    0.7775    0.3432   0.06679  0.006246         0
    47/249     2.39G   0.04532  0.004389         0   0.04971        23       256    0.8471    0.7106    0.8197    0.3417   0.06358  0.006238         0
    48/249     2.39G   0.04615  0.004544         0   0.05069        25       256    0.8053    0.7744    0.8288    0.3669   0.06419   0.00607         0
    49/249     2.39G   0.04634   0.00462         0   0.05096        30       256    0.8718    0.7234    0.8379    0.3627   0.06186  0.006306         0
    50/249     2.39G   0.04735  0.004585         0   0.05194        26       256     0.823    0.7915    0.8443    0.3917   0.06407  0.006149         0
    51/249     2.39G   0.04531  0.004462         0   0.04978        30       256    0.8156     0.753    0.8141    0.3302   0.06806  0.006295         0
    52/249     2.39G   0.04696  0.004593         0   0.05156        22       256    0.8547    0.7787    0.8515    0.3799   0.06421  0.006139         0
    53/249     2.39G   0.04725  0.004404         0   0.05166        26       256    0.8009     0.736    0.7944    0.3607   0.06475  0.006239         0
    54/249     2.39G    0.0458  0.004395         0    0.0502        24       256    0.7972    0.7532     0.843    0.3802   0.05865  0.006394         0
    55/249     2.39G   0.04586  0.004419         0   0.05028        26       256    0.7936    0.7361    0.8086    0.3606   0.06191   0.00635         0
    56/249     2.39G   0.04501  0.004608         0   0.04962        18       256    0.9102    0.7362    0.8522    0.3808    0.0613  0.006224         0
    57/249     2.39G   0.04637   0.00437         0   0.05074        28       256    0.8385    0.7532    0.8266    0.3594   0.05893  0.006542         0
    58/249     2.39G   0.04617  0.004399         0   0.05057        22       256    0.8995    0.7615    0.8617    0.3896   0.05854  0.006386         0
    59/249     2.39G   0.04653  0.004571         0    0.0511        30       256    0.9046    0.7702    0.8597    0.3917   0.05905  0.006305         0
    60/249     2.39G   0.04442   0.00445         0   0.04887        36       256    0.8259    0.8085    0.8611    0.4282   0.06111  0.006205         0
    61/249     2.39G   0.04393  0.004295         0   0.04823        27       256    0.8287    0.7825    0.8517    0.4015   0.05886  0.006318         0
    62/249     2.39G   0.04436  0.004406         0   0.04876        29       256    0.9224    0.7106    0.8361    0.3961   0.06762  0.005921         0
    63/249     2.39G   0.04458  0.004363         0   0.04895        20       256    0.8977    0.7097    0.8463    0.3867   0.06906  0.005776         0
    64/249     2.39G   0.04502  0.004386         0   0.04941        20       256    0.8667    0.8298    0.8989    0.4105   0.06732  0.005613         0
    65/249     2.39G   0.04511   0.00427         0   0.04938        23       256     0.874    0.7404    0.8249    0.3584   0.06816  0.005994         0
    66/249     2.39G   0.04665   0.00442         0   0.05107        24       256    0.8472     0.783    0.8616     0.403   0.07057  0.005567         0
    67/249     2.39G   0.04517  0.004364         0   0.04954        21       256    0.8394    0.7574    0.8204    0.3635   0.07156  0.005621         0
    68/249     2.39G   0.04467  0.004284         0   0.04895        28       256    0.8603    0.8128    0.8703    0.4044   0.07528  0.005273         0
    69/249     2.39G     0.043   0.00426         0   0.04726        23       256    0.9317    0.6979    0.8392    0.4257   0.06838  0.005576         0
    70/249     2.39G    0.0435  0.004159         0   0.04766        28       256    0.9015      0.74    0.8523    0.3934   0.06763  0.005576         0
    71/249     2.39G   0.04492  0.004393         0   0.04932        27       256    0.8552     0.834    0.8921    0.4272   0.06785  0.005442         0
    72/249     2.39G     0.043  0.004359         0   0.04736        27       256    0.9246    0.7872    0.9116    0.4374   0.06923  0.005347         0
    73/249     2.39G   0.04229  0.004296         0   0.04659        37       256    0.8907    0.8681    0.9207    0.4319   0.07103  0.005192         0
    74/249     2.39G    0.0421   0.00413         0   0.04623        19       256    0.8445     0.834    0.8867    0.4019   0.07038  0.005445         0
    75/249     2.39G   0.04421   0.00423         0   0.04844        36       256    0.8626     0.834    0.9005    0.4358   0.06945  0.005505         0
    76/249     2.39G   0.04351   0.00421         0   0.04772        19       256    0.8827     0.834    0.9031    0.4276   0.06969  0.005479         0
    77/249     2.39G   0.04281  0.004225         0   0.04704        29       256    0.8638    0.8383     0.897    0.4288   0.06827  0.005524         0
    78/249     2.39G   0.04217  0.004228         0    0.0464        23       256    0.8849    0.8511    0.9042    0.4266   0.06637  0.005525         0
    79/249     2.39G   0.04244  0.004135         0   0.04657        36       256    0.9268    0.8638    0.9337    0.4489   0.06459  0.005586         0
    80/249     2.39G   0.04185  0.004196         0   0.04604        25       256     0.909    0.8085    0.9025    0.4518   0.06478  0.005887         0
    81/249     2.39G   0.04368  0.004102         0   0.04779        23       256    0.8752    0.8426    0.8999    0.4388    0.0669  0.005698         0
    82/249     2.39G   0.04114  0.004354         0   0.04549        23       256    0.9569    0.7567    0.8831    0.4436   0.06591  0.005757         0
    83/249     2.39G   0.04143  0.004248         0   0.04568        28       256    0.9263    0.8128    0.9048    0.4554   0.06711  0.005592         0
    84/249     2.39G   0.04126  0.004184         0   0.04544        25       256    0.9508    0.8255    0.9218    0.4609    0.0671   0.00561         0
    85/249     2.39G   0.03962  0.004212         0   0.04383        22       256    0.9289    0.8339    0.9273    0.4512   0.06833  0.005444         0
    86/249     2.39G   0.04126  0.004179         0   0.04544        20       256    0.9054    0.8596    0.9184    0.4452    0.0694  0.005518         0
    87/249     2.39G   0.04042  0.004069         0   0.04449        22       256    0.9258    0.8511    0.9256     0.456   0.06998  0.005374         0
    88/249     2.39G   0.03918  0.003994         0   0.04317        27       256    0.8663     0.855    0.9028    0.4541   0.07087  0.005331         0
    89/249     2.39G   0.04143  0.004115         0   0.04555        35       256    0.9373    0.8383    0.9258    0.4491   0.06899  0.005382         0
    90/249     2.39G   0.04097  0.004275         0   0.04524        35       256    0.9119    0.8383    0.9121    0.4615    0.0674  0.005624         0
    91/249     2.39G   0.04074  0.004155         0    0.0449        25       256     0.882    0.8586    0.9189    0.4497   0.06662  0.005471         0
    92/249     2.39G   0.04105  0.004226         0   0.04528        24       256    0.9007    0.8511    0.9129    0.4477    0.0677  0.005545         0
    93/249     2.39G   0.04244  0.004221         0   0.04666        27       256    0.8275    0.8596    0.8737    0.4284   0.07172  0.005551         0
    94/249     2.39G   0.04083  0.004124         0   0.04496        29       256    0.9471    0.8383    0.9265    0.4538   0.06969  0.005316         0
    95/249     2.39G   0.04001   0.00416         0   0.04417        23       256    0.9263    0.8553    0.9308    0.4644   0.06769  0.005303         0
    96/249     2.39G   0.03999  0.004236         0   0.04422        22       256    0.9022    0.8636    0.9294    0.4689   0.06942  0.005228         0
    97/249     2.39G   0.04105  0.004015         0   0.04506        22       256      0.94    0.8681    0.9374    0.4637   0.06752  0.005443         0
    98/249     2.39G   0.04061  0.004019         0   0.04463        21       256    0.8918    0.8416    0.9054    0.4479   0.06587  0.005393         0
    99/249     2.39G   0.03971  0.004142         0   0.04386        28       256    0.9164    0.8426    0.9221    0.4662   0.06775  0.005474         0
   100/249     2.39G   0.04121  0.004113         0   0.04533        34       256    0.8786    0.8638    0.9253    0.4684   0.06716  0.005564         0
   101/249     2.39G   0.03987   0.00402         0   0.04389        27       256    0.9478    0.8503    0.9292    0.4689    0.0662  0.005581         0
   102/249     2.39G   0.04075  0.004181         0   0.04493        29       256    0.8887    0.8553     0.922    0.4615   0.06575  0.005766         0
   103/249     2.39G   0.04042  0.004084         0    0.0445        26       256    0.9554    0.8203    0.9314    0.4512   0.06384  0.005635         0
   104/249     2.39G   0.03997  0.004115         0   0.04409        29       256    0.9292    0.8383    0.9253    0.4532   0.06312   0.00568         0
   105/249     2.39G   0.03953  0.004102         0   0.04363        18       256    0.8982    0.8636     0.931    0.4759   0.06285  0.005521         0
   106/249     2.39G   0.03935  0.004032         0   0.04338        26       256    0.9034    0.8766    0.9324    0.4822   0.06418  0.005526         0
   107/249     2.39G   0.04008   0.00403         0   0.04411        27       256    0.9393    0.8681    0.9325    0.4838   0.06503  0.005408         0
   108/249     2.39G   0.04052  0.004229         0   0.04475        37       256    0.9756    0.8638    0.9509    0.4813   0.06598  0.005472         0
   109/249     2.39G   0.03777  0.004006         0   0.04177        27       256    0.9289    0.8893    0.9481    0.4777   0.06542  0.005544         0
   110/249     2.39G   0.03969  0.004091         0   0.04378        29       256    0.9038    0.8511    0.9291    0.4701   0.06642  0.005526         0
   111/249     2.39G   0.03892  0.004022         0   0.04294        28       256    0.8855    0.8888     0.926    0.4754   0.06332  0.005743         0
   112/249     2.39G   0.03875   0.00404         0   0.04279        24       256    0.9519    0.8425    0.9246    0.4635   0.06536  0.005769         0
   113/249     2.39G   0.03818  0.003962         0   0.04214        27       256    0.9608    0.8339    0.9317    0.4669   0.06456  0.005708         0
   114/249     2.39G   0.03879  0.003991         0   0.04278        27       256    0.9018    0.8593     0.923    0.4507   0.06298  0.005806         0
   115/249     2.39G   0.03777  0.004036         0    0.0418        26       256    0.9266    0.8595    0.9255    0.4527   0.06001  0.005879         0
   116/249     2.39G   0.03704  0.004194         0   0.04123        27       256    0.9026    0.8677    0.9185    0.4865   0.05993  0.006048         0
   117/249     2.39G   0.03725  0.003829         0   0.04108        22       256     0.943    0.8511    0.9228     0.477   0.06106  0.006001         0
   118/249     2.39G   0.03956  0.004095         0   0.04366        31       256    0.9266    0.8594    0.9239    0.4614   0.06071  0.006034         0
   119/249     2.39G   0.03762  0.004076         0    0.0417        20       256    0.9406    0.8766    0.9211    0.4848   0.06011  0.005945         0
   120/249     2.39G    0.0383  0.003931         0   0.04224        31       256    0.9349    0.8552     0.918    0.4868   0.06249  0.005863         0
   121/249     2.39G   0.03677   0.00415         0   0.04092        34       256    0.9018    0.8593    0.9261    0.4802   0.06123  0.006062         0
   122/249     2.39G   0.03768   0.00408         0   0.04176        27       256    0.9234    0.8208     0.902    0.4603   0.06179  0.005879         0
   123/249     2.39G   0.03649  0.003931         0   0.04042        25       256    0.9387    0.8465    0.9245    0.4559   0.06118   0.00613         0
   124/249     2.39G    0.0386   0.00393         0   0.04253        40       256    0.9387    0.8467    0.9318     0.481   0.06052  0.005982         0
   125/249     2.39G   0.03647  0.003909         0   0.04038        22       256    0.9533     0.868    0.9378    0.4918   0.06189  0.005874         0
   126/249     2.39G   0.03599  0.003845         0   0.03983        27       256    0.9107    0.8679    0.9408    0.4848   0.06167  0.005859         0
   127/249     2.39G    0.0363  0.003961         0   0.04026        34       256    0.9495    0.8806    0.9483    0.4786   0.05892  0.006086         0
   128/249     2.39G   0.03773  0.004005         0   0.04174        23       256    0.9118    0.8809    0.9469    0.5062   0.05827  0.006096         0
   129/249     2.39G     0.036  0.003896         0    0.0399        24       256    0.9621    0.8681    0.9426    0.4994   0.05959  0.005987         0
   130/249     2.39G   0.03723  0.003868         0    0.0411        19       256    0.9154    0.8766    0.9366    0.4777    0.0603  0.005956         0
   131/249     2.39G   0.03691  0.003855         0   0.04077        27       256    0.9581    0.8764    0.9516    0.4963   0.05938  0.005899         0
   132/249     2.39G   0.03751  0.003988         0    0.0415        24       256    0.9528    0.8638     0.949    0.4977   0.05781  0.006082         0
   133/249     2.39G   0.03645  0.004086         0   0.04054        24       256    0.9304    0.9105    0.9568    0.4806   0.05713  0.006106         0
   134/249     2.39G   0.03611  0.003903         0   0.04001        25       256    0.9343    0.8511    0.9286    0.4896   0.05666  0.006289         0
   135/249     2.39G   0.03733  0.004084         0   0.04141        32       256    0.9372    0.8892    0.9413    0.4941     0.057  0.006148         0
   136/249     2.39G   0.03579  0.003835         0   0.03963        22       256    0.9221    0.9064    0.9456     0.485   0.05777  0.006238         0
   137/249     2.39G    0.0374  0.003928         0   0.04133        24       256    0.9531    0.8638    0.9502    0.4933   0.05961  0.006078         0
   138/249     2.39G   0.03685   0.00391         0   0.04076        30       256    0.9251    0.8936    0.9477    0.4897   0.05881  0.005923         0
   139/249     2.39G   0.03682  0.003979         0    0.0408        30       256    0.9218    0.9064    0.9482    0.4814   0.05859  0.006058         0
   140/249     2.39G   0.03622  0.003925         0   0.04015        31       256    0.9184    0.9106    0.9464    0.4854   0.05858  0.006126         0
   141/249     2.39G    0.0365  0.003993         0    0.0405        28       256    0.9267    0.9149     0.957    0.4883    0.0587  0.006017         0
   142/249     2.39G   0.03706  0.003992         0   0.04105        33       256    0.9462    0.8976    0.9574    0.5022    0.0566  0.006166         0
   143/249     2.39G   0.03589  0.003931         0   0.03983        32       256    0.9593     0.902    0.9634    0.4874   0.05685  0.006291         0
   144/249     2.39G   0.03616  0.003972         0   0.04013        22       256    0.9046    0.8894    0.9404    0.4996   0.05654  0.006162         0
   145/249     2.39G   0.03668   0.00396         0   0.04064        30       256    0.9804     0.851    0.9545    0.4873   0.05611  0.006046         0
   146/249     2.39G   0.03577  0.004048         0   0.03982        19       256    0.9512    0.8596    0.9377    0.4831   0.05622   0.00612         0
   147/249     2.39G   0.03517  0.003832         0     0.039        19       256    0.9091    0.8936    0.9422    0.4869   0.05735  0.006215         0
   148/249     2.39G   0.03508  0.003855         0   0.03893        26       256    0.9188    0.8681    0.9294    0.4776   0.05807  0.006127         0
   149/249     2.39G   0.03533  0.003934         0   0.03926        27       256    0.9515    0.8383    0.9364    0.4831   0.05757  0.006183         0
   150/249     2.39G   0.03484  0.004004         0   0.03884        25       256    0.9122    0.8851    0.9426    0.4899   0.05829  0.006132         0
   151/249     2.39G   0.03454  0.003864         0    0.0384        23       256    0.9174    0.8978    0.9386    0.4995    0.0575  0.006162         0
   152/249     2.39G   0.03428  0.003774         0   0.03805        29       256    0.9422    0.9017    0.9497    0.4866   0.05572   0.00626         0
   153/249     2.39G   0.03386  0.003819         0   0.03768        27       256    0.9131    0.9021     0.944     0.498   0.05445   0.00636         0
   154/249     2.39G   0.03568  0.003824         0    0.0395        24       256    0.9177    0.8545    0.9287    0.4921   0.05497  0.006487         0
   155/249     2.39G   0.03525  0.003889         0   0.03914        32       256    0.9458    0.8936    0.9437    0.4943   0.05406  0.006421         0
   156/249     2.39G   0.03499  0.003809         0    0.0388        23       256    0.9579    0.8721    0.9397    0.5001   0.05322  0.006528         0
   157/249     2.39G   0.03484  0.003949         0   0.03879        19       256    0.9353    0.8638    0.9314    0.4969   0.05268  0.006495         0
   158/249     2.39G   0.03418  0.003846         0   0.03802        26       256    0.9451    0.8809    0.9529    0.5248   0.05219  0.006435         0
   159/249     2.39G   0.03486   0.00404         0    0.0389        24       256     0.938    0.9021    0.9559    0.5084   0.05253  0.006426         0
   160/249     2.39G   0.03497  0.003929         0    0.0389        35       256    0.9493    0.8851    0.9436    0.5115   0.05147  0.006522         0
   161/249     2.39G   0.03451  0.003896         0   0.03841        27       256    0.9319    0.8766    0.9427    0.5207   0.05011  0.006529         0
   162/249     2.39G   0.03468   0.00381         0   0.03849        26       256    0.9495    0.8807     0.955    0.5138   0.05057   0.00643         0
   163/249     2.39G   0.03342   0.00383         0   0.03725        36       256    0.9263    0.9106    0.9618    0.5119   0.05044  0.006528         0
   164/249     2.39G   0.03349  0.003852         0   0.03735        27       256     0.933    0.8893    0.9486    0.5115    0.0504  0.006673         0
   165/249     2.39G   0.03331  0.003938         0   0.03725        26       256    0.9396    0.8681    0.9451    0.5124   0.05086  0.006582         0
   166/249     2.39G   0.03377  0.003898         0   0.03767        20       256    0.9545    0.8936    0.9562    0.5193   0.05144  0.006555         0
   167/249     2.39G   0.03228  0.003612         0   0.03589        25       256    0.9539    0.8806    0.9483    0.5036   0.05309  0.006498         0
   168/249     2.39G   0.03267  0.003876         0   0.03654        19       256    0.9621    0.8636    0.9407    0.5017   0.05264  0.006475         0
   169/249     2.39G   0.03329  0.003748         0   0.03703        27       256    0.9495    0.8805    0.9414    0.5089   0.05155  0.006617         0
   170/249     2.39G   0.03258   0.00374         0   0.03632        24       256     0.923    0.9183    0.9585    0.5035   0.05235  0.006498         0
   171/249     2.39G   0.03356   0.00368         0   0.03724        26       256    0.9267    0.9148    0.9583    0.5176   0.05258  0.006569         0
   172/249     2.39G   0.03341  0.003793         0   0.03721        28       256    0.9298    0.9021    0.9569    0.5151   0.05157  0.006604         0
   173/249     2.39G   0.03322  0.003675         0    0.0369        20       256    0.9383    0.9063    0.9572    0.5119   0.05093  0.006533         0
   174/249     2.39G   0.03365  0.003714         0   0.03737        29       256    0.9407    0.8809    0.9514    0.5069   0.05179  0.006613         0
   175/249     2.39G   0.03317  0.003733         0   0.03691        24       256    0.9581    0.8766    0.9567    0.5084    0.0521  0.006622         0
   176/249     2.39G   0.03235   0.00382         0   0.03617        35       256    0.9419    0.8975    0.9558    0.5128   0.05219  0.006571         0
   177/249     2.39G    0.0336  0.003771         0   0.03737        25       256    0.9455    0.8936    0.9572    0.5101   0.05158   0.00656         0
   178/249     2.39G    0.0333  0.003852         0   0.03716        28       256    0.9543    0.8894    0.9603    0.5128   0.05129  0.006693         0
   179/249     2.39G   0.03245   0.00388         0   0.03633        28       256    0.9356    0.8681    0.9398    0.5129   0.05115   0.00663         0
   180/249     2.39G   0.03333  0.003653         0   0.03699        31       256    0.9712    0.8723    0.9545    0.5194   0.05056  0.006569         0
   181/249     2.39G   0.03305  0.003731         0   0.03678        26       256    0.9375    0.8936    0.9561    0.5182   0.05117   0.00662         0
   182/249     2.39G   0.03262    0.0038         0   0.03642        23       256    0.9449    0.8766    0.9462    0.5156   0.05126  0.006619         0
   183/249     2.39G   0.03254  0.003849         0   0.03639        27       256     0.936    0.8809    0.9505    0.5135   0.05132  0.006593         0
   184/249     2.39G   0.03312  0.003739         0   0.03686        26       256    0.9258     0.902    0.9554    0.5243   0.05045  0.006696         0
   185/249     2.39G   0.03277  0.003785         0   0.03655        27       256    0.9411    0.8894    0.9489    0.5194   0.04927  0.006713         0
   186/249     2.39G   0.03306  0.003831         0   0.03689        26       256    0.9188    0.9148    0.9549    0.5197   0.04944  0.006588         0
   187/249     2.39G   0.03249   0.00379         0   0.03628        23       256    0.9993    0.8596    0.9648    0.5176   0.05019  0.006581         0
   188/249     2.39G   0.03113  0.003731         0   0.03486        28       256    0.9587    0.8893    0.9638     0.526    0.0504  0.006535         0
   189/249     2.39G   0.03284  0.003777         0   0.03662        30       256    0.9461    0.8979    0.9611    0.5245   0.05121  0.006468         0
   190/249     2.39G   0.03242   0.00373         0   0.03615        26       256     0.968     0.902    0.9631    0.5239   0.05214  0.006497         0
   191/249     2.39G   0.03252  0.003678         0    0.0362        29       256    0.9505    0.9106    0.9592    0.5243    0.0522    0.0066         0
   192/249     2.39G   0.03205  0.003685         0   0.03574        31       256    0.9534    0.8723    0.9643    0.5213   0.05113  0.006675         0
   193/249     2.39G   0.03199  0.003626         0   0.03562        28       256    0.9509    0.9106    0.9622    0.5162   0.05141   0.00668         0
   194/249     2.39G   0.03213  0.003698         0   0.03583        31       256    0.9339    0.9021    0.9597    0.5204    0.0505  0.006698         0
   195/249     2.39G   0.03208  0.003697         0   0.03578        24       256      0.95    0.8891    0.9544    0.5156   0.05119  0.006557         0
   196/249     2.39G    0.0324  0.003682         0   0.03609        19       256    0.9667    0.8723    0.9555    0.5236   0.05111  0.006632         0
   197/249     2.39G   0.03135  0.003673         0   0.03503        27       256    0.9667    0.8681    0.9474    0.5213   0.05103  0.006634         0
   198/249     2.39G   0.03118  0.003761         0   0.03494        29       256    0.9454    0.8847    0.9516    0.5216   0.05028  0.006687         0
   199/249     2.39G   0.03143  0.003765         0   0.03519        35       256    0.9296    0.9021    0.9566    0.5248   0.05023  0.006671         0
   200/249     2.39G    0.0314  0.003809         0   0.03521        29       256    0.9304    0.9106    0.9599    0.5167   0.04992  0.006711         0
   201/249     2.39G   0.03247  0.003779         0   0.03625        25       256    0.9301    0.9062    0.9562    0.5121   0.04982  0.006752         0
   202/249     2.39G   0.03132  0.003659         0   0.03498        24       256    0.9462    0.8979    0.9562    0.5221   0.05056  0.006761         0
   203/249     2.39G   0.03155  0.003756         0   0.03531        27       256    0.9449    0.8809     0.954    0.5128   0.04934  0.006908         0
   204/249     2.39G   0.03134  0.003693         0   0.03503        25       256    0.9447    0.8721    0.9529    0.4992   0.04928  0.006994         0
   205/249     2.39G     0.032  0.003633         0   0.03564        28       256    0.9301     0.906      0.96    0.5034   0.04998  0.006825         0
   206/249     2.39G   0.03054  0.003827         0   0.03437        26       256    0.9623    0.8723    0.9562    0.5059   0.05087  0.006764         0
   207/249     2.39G   0.03158  0.003647         0   0.03523        24       256    0.9402    0.8723    0.9463    0.5027   0.05105  0.006772         0
   208/249     2.39G   0.02958  0.003584         0   0.03317        28       256    0.9327    0.8839    0.9565    0.5142   0.05112  0.006648         0
   209/249     2.39G    0.0309  0.003755         0   0.03465        24       256     0.921    0.8936    0.9529    0.5116   0.05144  0.006632         0
   210/249     2.39G   0.03102  0.003705         0   0.03473        30       256    0.9716    0.8723    0.9635     0.513   0.05166  0.006574         0
   211/249     2.39G   0.03143  0.003696         0   0.03512        37       256    0.9459    0.8935      0.96    0.5112   0.05129  0.006554         0
   212/249     2.39G   0.03114  0.003697         0   0.03484        28       256      0.95    0.8893    0.9486    0.5114   0.05136  0.006561         0
   213/249     2.39G   0.03019  0.003651         0   0.03384        20       256    0.9098    0.9445    0.9613    0.5179   0.05191  0.006474         0
   214/249     2.39G   0.03109   0.00366         0   0.03475        28       256    0.9313    0.9233    0.9578    0.5212   0.05325  0.006374         0
   215/249     2.39G   0.03102  0.003789         0   0.03481        30       256    0.9339    0.9021    0.9537    0.5122   0.05319  0.006417         0
   216/249     2.39G   0.02985  0.003599         0   0.03344        25       256    0.9504    0.8977    0.9566    0.5084   0.05319  0.006404         0
   217/249     2.39G   0.03069  0.003763         0   0.03445        30       256    0.9713    0.8723    0.9579    0.5204   0.05332  0.006312         0
   218/249     2.39G   0.03095   0.00368         0   0.03463        24       256    0.9424    0.9064    0.9685     0.517   0.05344  0.006259         0
   219/249     2.39G   0.02927   0.00353         0    0.0328        31       256    0.9593    0.9064    0.9724    0.5176   0.05324  0.006313         0
   220/249     2.39G   0.03008  0.003782         0   0.03386        26       256     0.927    0.9191    0.9651    0.5188   0.05261  0.006438         0
   221/249     2.39G   0.03026  0.003628         0   0.03389        22       256    0.9419    0.8979    0.9584    0.5266     0.053   0.00636         0
   222/249     2.39G   0.02959  0.003557         0   0.03315        26       256    0.9513    0.9142    0.9666    0.5208   0.05278  0.006285         0
   223/249     2.39G   0.02984  0.003582         0   0.03342        22       256    0.9511    0.9106    0.9677    0.5204    0.0523  0.006339         0
   224/249     2.39G   0.03042  0.003584         0   0.03401        21       256    0.9509    0.9057    0.9643    0.5268   0.05188  0.006402         0
   225/249     2.39G   0.02944    0.0038         0   0.03324        22       256     0.916    0.9277    0.9557    0.5247   0.05179  0.006508         0
   226/249     2.39G   0.02943  0.003736         0   0.03317        29       256    0.9159    0.9277    0.9586    0.5239   0.05175  0.006579         0
   227/249     2.39G   0.03094  0.003695         0   0.03464        26       256      0.95    0.8893    0.9549    0.5222   0.05147  0.006575         0
   228/249     2.39G   0.03125  0.003584         0   0.03484        31       256     0.901    0.9319    0.9507    0.5139   0.05131  0.006611         0
   229/249     2.39G   0.02884  0.003524         0   0.03236        21       256    0.9394    0.9232    0.9645    0.5149   0.05094  0.006583         0
   230/249     2.39G   0.03037  0.003623         0     0.034        27       256    0.9432    0.9191    0.9627    0.5073   0.05069  0.006622         0
   231/249     2.39G    0.0301  0.003463         0   0.03356        22       256    0.9319    0.9318     0.958    0.5102   0.05051  0.006687         0
   232/249     2.39G   0.03046  0.003488         0   0.03394        27       256    0.9345    0.9149    0.9544    0.5187   0.05001  0.006681         0
   233/249     2.39G   0.03016  0.003568         0   0.03373        26       256     0.959    0.8979    0.9601    0.5139    0.0501  0.006668         0
   234/249     2.39G   0.03053  0.003516         0   0.03405        30       256    0.9498    0.8894    0.9543    0.5151   0.05055  0.006693         0
   235/249     2.39G   0.02989  0.003585         0   0.03348        24       256    0.9246    0.8894    0.9548    0.5212   0.05089  0.006726         0
   236/249     2.39G   0.02958  0.003502         0   0.03308        28       256    0.8987    0.9061    0.9539    0.5196   0.05142  0.006663         0
   237/249     2.39G   0.02883  0.003597         0   0.03243        29       256    0.9417    0.8936    0.9624    0.5165   0.05147  0.006647         0
   238/249     2.39G   0.03004  0.003628         0   0.03367        27       256    0.9267    0.9146    0.9642    0.5093   0.05128   0.00661         0
   239/249     2.39G   0.02944  0.003514         0   0.03296        22       256    0.9155    0.9277    0.9618    0.5119    0.0512  0.006603         0
   240/249     2.39G   0.03014  0.003716         0   0.03386        24       256    0.9286     0.885    0.9523     0.514    0.0514  0.006659         0
   241/249     2.39G   0.03063  0.003717         0   0.03435        26       256    0.9295    0.8979    0.9568    0.5134   0.05215  0.006576         0
   242/249     2.39G    0.0291  0.003564         0   0.03266        23       256    0.9046    0.9277    0.9604    0.5162   0.05178  0.006574         0
   243/249     2.39G   0.03023  0.003693         0   0.03393        26       256    0.9331    0.8936    0.9561    0.5098   0.05172  0.006629         0
   244/249     2.39G    0.0292  0.003519         0   0.03272        17       256    0.9049    0.9319     0.958    0.5142   0.05124  0.006646         0
   245/249     2.39G    0.0289  0.003564         0   0.03246        24       256    0.9237    0.9276    0.9569    0.5041     0.051  0.006668         0
   246/249     2.39G   0.02951  0.003436         0   0.03294        30       256    0.9311    0.9234     0.959    0.5119   0.05078   0.00667         0
   247/249     2.39G   0.02908  0.003678         0   0.03276        33       256    0.9635    0.8978    0.9633    0.5101   0.05058  0.006661         0
   248/249     2.39G    0.0288  0.003632         0   0.03243        26       256    0.9295    0.9021    0.9535    0.5153   0.05055  0.006694         0
   249/249     2.39G   0.02833  0.003689         0   0.03202        26       256    0.9537    0.8809    0.9578    0.5075   0.05057  0.006772         0
