      0/99     2.06G   0.07544  0.005314         0   0.08076         1       256   0.06774    0.1694   0.03203  0.005588   0.09956   0.00703         0
      1/99     2.39G   0.06689  0.005979         0   0.07287         2       256    0.1315   0.08065   0.04103  0.009211   0.09512  0.007175         0
      2/99     2.39G   0.05971  0.006494         0    0.0662         1       256   0.06111    0.1048   0.03343   0.00548   0.09129   0.00726         0
      3/99     2.39G     0.056  0.006714         0   0.06272         2       256    0.1039    0.1855   0.06041    0.0113   0.08796  0.007265         0
      4/99     2.39G   0.05288  0.006793         0   0.05967         2       256    0.2774    0.4677    0.2394   0.06847   0.08087  0.007236         0
      5/99     2.39G    0.0513  0.006692         0   0.05799         4       256     0.526     0.528    0.4986    0.1368    0.0769  0.007098         0
      6/99     2.39G   0.04858  0.006202         0   0.05478         0       256    0.5889    0.6699     0.622    0.1992   0.08162  0.006837         0
      7/99     2.39G   0.05296  0.006238         0    0.0592         2       256    0.5519    0.5806    0.5875    0.2013   0.08112  0.006743         0
      8/99     2.39G   0.04951  0.006027         0   0.05554         2       256    0.5766    0.5161    0.5192    0.2239   0.07563  0.006973         0
      9/99     2.39G   0.05533  0.005665         0     0.061         1       256    0.4699    0.3226    0.3169    0.1071   0.07673   0.00696         0
     10/99     2.39G   0.06062   0.00536         0   0.06598         2       256    0.4841    0.4918     0.423     0.159   0.08487  0.006201         0
     11/99     2.39G    0.0528  0.005166         0   0.05797         2       256    0.4544    0.2903     0.255   0.08684    0.1003  0.005315         0
     12/99     2.39G   0.05144  0.005554         0     0.057         2       256    0.4567    0.5726    0.4398    0.1893   0.08222  0.006262         0
     13/99     2.39G   0.06104  0.005446         0   0.06649         2       256    0.1229   0.08871   0.04032  0.009295    0.0892  0.006773         0
     14/99     2.39G   0.05983   0.00531         0   0.06514         1       256    0.4039     0.371    0.3569    0.1383   0.07841  0.007044         0
     15/99     2.39G   0.05973  0.005265         0     0.065         1       256    0.3722    0.3306    0.2664   0.08873   0.07815  0.006884         0
     16/99     2.39G   0.06174  0.005391         0   0.06713         1       256     0.435    0.3468    0.3117   0.09601   0.07237  0.007289         0
     17/99     2.39G   0.05611  0.004904         0   0.06101         1       256    0.2632    0.1774    0.1375   0.03191   0.08754  0.006208         0
     18/99     2.39G    0.0575  0.005484         0   0.06299         3       256    0.4035       0.5    0.3805    0.1316   0.07295    0.0073         0
     19/99     2.39G   0.05746   0.00536         0   0.06282         1       256    0.1921    0.3629    0.1571   0.05745   0.08143  0.007145         0
     20/99     2.39G   0.05832  0.005112         0   0.06343         1       256    0.1011   0.08871   0.03224  0.006366   0.08599  0.007466         0
     21/99     2.39G   0.06203  0.004967         0     0.067         2       256    0.2195     0.129   0.09821   0.01704   0.08628  0.007087         0
     22/99     2.39G   0.06637  0.005171         0   0.07154         1       256   0.01036   0.09677  0.005333 0.0008627    0.1201  0.004898         0
     23/99     2.39G   0.06101  0.005071         0   0.06608         1       256   0.04019    0.2016   0.01708  0.003448    0.0965  0.006719         0
     24/99     2.39G   0.06194  0.004981         0   0.06692         2       256  0.004872    0.4032  0.003725 0.0005364    0.1033   0.01206         0
     25/99     2.39G   0.05927  0.005128         0    0.0644         1       256  0.003893    0.1935   0.00304  0.000423   0.09649  0.007458         0
     26/99     2.39G   0.06624  0.004938         0   0.07118         1       256   0.07456    0.2177    0.0355  0.007786   0.09121  0.006471         0
     27/99     2.39G   0.06226  0.005156         0   0.06742         1       256    0.2136    0.2258    0.1249   0.02842   0.08926  0.006258         0
     28/99     2.39G   0.05597  0.005019         0   0.06099         1       256     0.215    0.3468     0.167    0.0517    0.0875  0.006525         0
     29/99     2.39G   0.06117  0.005109         0   0.06628         1       256    0.1601    0.3387    0.1251   0.03445   0.09535  0.006257         0
     30/99     2.39G   0.06326  0.005053         0   0.06831         1       256    0.2822    0.2984    0.2009   0.04829   0.09844  0.006114         0
     31/99     2.39G   0.05648  0.005306         0   0.06178         2       256    0.1822     0.121   0.05598   0.01011    0.1132  0.005984         0
     32/99     2.39G   0.05357  0.005074         0   0.05864         1       256    0.0279   0.03226  0.006692  0.001756    0.1025  0.007054         0
     33/99     2.39G   0.06384  0.005056         0    0.0689         1       256    0.1433     0.379    0.1126   0.02623    0.1003  0.006203         0
     34/99     2.39G   0.06115  0.004941         0    0.0661         2       256    0.1756      0.25    0.0915   0.02577    0.1026  0.006081         0
     35/99     2.39G   0.05935  0.005093         0   0.06444         3       256    0.3125     0.319    0.2154   0.05845   0.08956  0.006592         0
     36/99     2.39G   0.06079  0.005118         0    0.0659         2       256    0.2097    0.2742    0.1476   0.03718   0.09324   0.00622         0
     37/99     2.39G   0.06335  0.005127         0   0.06848         2       256    0.1475    0.2419   0.06368   0.01197    0.1063  0.005655         0
     38/99     2.39G   0.05973  0.005065         0   0.06479         2       256    0.2817    0.2339     0.181   0.05011   0.09538  0.006409         0
     39/99     2.39G   0.06154  0.004943         0   0.06648         1       256    0.2717    0.2742     0.152   0.04329    0.1029  0.007804         0
     40/99     2.39G   0.06047  0.005212         0   0.06569         2       256    0.3301    0.2823    0.1553    0.0421   0.09397   0.00723         0
     41/99     2.39G   0.06611  0.005138         0   0.07125         1       256    0.3219    0.4274    0.2615    0.0927   0.09009  0.006392         0
     42/99     2.39G   0.05892  0.005316         0   0.06423         4       256    0.5473    0.4095    0.3812    0.1242   0.08754  0.006362         0
     43/99     2.39G   0.06044  0.005315         0   0.06576         1       256    0.4984    0.3952    0.4126    0.1461   0.08636  0.005939         0
     44/99     2.39G   0.05457    0.0052         0   0.05977         1       256    0.3945    0.3952    0.2737   0.09609   0.08527  0.006114         0
     45/99     2.39G   0.06068  0.005311         0     0.066         3       256    0.3106    0.4113    0.2304   0.06728   0.08446  0.006153         0
     46/99     2.39G   0.05601  0.005027         0   0.06104         1       256    0.5332    0.5159      0.41    0.1497   0.08576  0.005963         0
     47/99     2.39G   0.05546  0.005301         0   0.06076         4       256    0.5922    0.5323    0.5149    0.1733   0.08769  0.005703         0
     48/99     2.39G   0.05071  0.005104         0   0.05581         0       256    0.4514     0.564    0.4718    0.1844   0.08947  0.005682         0
     49/99     2.39G   0.05846  0.005348         0   0.06381         2       256     0.477    0.5081    0.4862    0.1839   0.08305  0.005992         0
     50/99     2.39G   0.05893   0.00516         0   0.06409         1       256    0.4342     0.621    0.4355    0.1408   0.08448  0.006149         0
     51/99     2.39G   0.05685  0.005007         0   0.06186         1       256    0.5786    0.4919    0.4211    0.1467   0.08627  0.005912         0
     52/99     2.39G   0.05425   0.00498         0   0.05923         3       256    0.7714    0.5714    0.6255     0.253   0.08261  0.005582         0
     53/99     2.39G   0.05567  0.004982         0   0.06065         0       256    0.6474    0.6694    0.6497    0.2754   0.08192  0.005664         0
     54/99     2.39G   0.05336   0.00502         0   0.05838         0       256    0.6138    0.6921    0.6531     0.283   0.08012  0.005885         0
     55/99     2.39G   0.05498  0.004919         0    0.0599         1       256    0.5922     0.629    0.5867    0.2538   0.08093   0.00584         0
     56/99     2.39G   0.05997  0.005094         0   0.06507         1       256     0.562    0.5483     0.513    0.2062   0.08338  0.006219         0
     57/99     2.39G   0.05368  0.005134         0   0.05881         2       256    0.6762    0.4758    0.5548    0.2369   0.08308    0.0062         0
     58/99     2.39G   0.05707  0.004948         0   0.06202         1       256    0.5036    0.5565    0.4919    0.2038   0.08396  0.006104         0
     59/99     2.39G   0.05206  0.004851         0   0.05691         0       256    0.6836    0.5242    0.5704    0.2188   0.08286  0.005988         0
     60/99     2.39G   0.05218  0.005265         0   0.05745         3       256    0.7909    0.6048    0.7027    0.3013   0.07897  0.005738         0
     61/99     2.39G   0.05299  0.005008         0     0.058         2       256    0.7327    0.6452    0.7076    0.3062   0.07937  0.005758         0
     62/99     2.39G    0.0537  0.004945         0   0.05864         2       256    0.6505    0.6855    0.6924    0.3076   0.08101  0.005636         0
     63/99     2.39G   0.05292  0.004865         0   0.05778         1       256    0.7439    0.6129    0.6828    0.3059   0.08074  0.005574         0
     64/99     2.39G   0.05237  0.005006         0   0.05737         2       256    0.8138    0.5645    0.7024    0.3167   0.07969   0.00562         0
     65/99     2.39G   0.05102    0.0049         0   0.05592         1       256    0.7305    0.6371    0.7001     0.315   0.07903  0.005718         0
     66/99     2.39G   0.05373  0.004869         0    0.0586         2       256    0.6775    0.6606    0.6677    0.3033   0.08501  0.005584         0
     67/99     2.39G   0.05886  0.004999         0   0.06386         2       256    0.6413    0.6935    0.6823    0.3067    0.0893   0.00546         0
     68/99     2.39G   0.05133  0.004883         0   0.05621         2       256    0.7113    0.6371    0.7098    0.3087   0.08935  0.005637         0
     69/99     2.39G   0.05574  0.005144         0   0.06089         2       256    0.8124    0.6288    0.7029     0.314   0.08898  0.006009         0
     70/99     2.39G   0.05314  0.005105         0   0.05824         1       256    0.6971    0.6371    0.6526     0.309   0.08786  0.005856         0
     71/99     2.39G   0.05117  0.005048         0   0.05622         1       256    0.7472    0.6452    0.6653    0.3209    0.0861  0.005482         0
     72/99     2.39G    0.0512  0.005208         0    0.0564         3       256    0.7216    0.6689    0.7081    0.3251   0.08534  0.005317         0
     73/99     2.39G   0.04386  0.004856         0   0.04871         2       256     0.738    0.6371    0.7089    0.3284   0.08622  0.005303         0
     74/99     2.39G   0.04991  0.005076         0   0.05499         5       256     0.807    0.6743    0.7261    0.3311   0.08785  0.005156         0
     75/99     2.39G   0.05027   0.00508         0   0.05535         3       256    0.8073    0.7093    0.7682    0.3578    0.0884  0.005077         0
     76/99     2.39G   0.04781  0.005047         0   0.05285         2       256    0.7655    0.6844    0.7579    0.3446   0.08862  0.005153         0
     77/99     2.39G   0.05253  0.004985         0   0.05752         2       256    0.7652    0.7097    0.7668    0.3484   0.08865  0.005134         0
     78/99     2.39G     0.046   0.00494         0   0.05094         1       256    0.7857    0.7095    0.7755    0.3602   0.08939   0.00499         0
     79/99     2.39G   0.05467   0.00496         0   0.05963         2       256    0.7554      0.75    0.7774    0.3592   0.08752   0.00505         0
     80/99     2.39G   0.04671     0.005         0   0.05171         1       256    0.7757    0.7177     0.779    0.3615   0.08651  0.005168         0
     81/99     2.39G    0.0401  0.005062         0   0.04516         1       256    0.7267    0.7097    0.7682    0.3766   0.08577  0.005235         0
     82/99     2.39G   0.04454   0.00515         0   0.04969         2       256     0.703    0.7254    0.7691    0.3638   0.08582  0.005298         0
     83/99     2.39G   0.04778  0.004822         0    0.0526         1       256    0.6686      0.75    0.7813    0.3533   0.08593  0.005232         0
     84/99     2.39G   0.04453  0.004882         0   0.04941         1       256    0.7837    0.6452     0.779    0.3666   0.08532  0.005211         0
     85/99     2.39G    0.0435  0.004906         0   0.04841         2       256    0.8708    0.6532     0.789    0.3679   0.08661  0.005134         0
     86/99     2.39G   0.04794  0.004798         0   0.05274         1       256     0.898    0.6532     0.804    0.3659   0.08586   0.00517         0
     87/99     2.39G   0.05177  0.005028         0   0.05679         2       256    0.9309    0.6613    0.8291    0.3838   0.08557   0.00519         0
     88/99     2.39G   0.04534  0.004971         0   0.05032         1       256    0.8213    0.6694    0.7998    0.3845   0.08589  0.005173         0
     89/99     2.39G   0.04531  0.005174         0   0.05048         2       256    0.8235    0.6774    0.7987    0.3858   0.08516  0.005244         0
     90/99     2.39G   0.04381   0.00505         0   0.04886         0       256    0.7516    0.7581    0.8072    0.3924   0.08338  0.005328         0
     91/99     2.39G    0.0511  0.005193         0   0.05629         2       256    0.7881      0.75    0.8026    0.3994     0.083  0.005344         0
     92/99     2.39G   0.04677  0.004781         0   0.05155         1       256    0.7479    0.7419    0.7815    0.4014   0.08412  0.005211         0
     93/99     2.39G   0.04839  0.005071         0   0.05346         4       256    0.7894    0.7257    0.7824    0.4067   0.08455  0.005212         0
     94/99     2.39G   0.04573  0.005132         0   0.05086         4       256     0.791    0.7339    0.7889    0.4079   0.08244  0.005246         0
     95/99     2.39G    0.0466   0.00507         0   0.05167         1       256    0.9041    0.6855    0.8207     0.409   0.08067  0.005336         0
     96/99     2.39G    0.0469  0.005063         0   0.05196         2       256    0.8946    0.6844    0.8256    0.4192    0.0819  0.005277         0
     97/99     2.39G   0.04965  0.005136         0   0.05479         4       256    0.9011    0.6613      0.81    0.3981   0.08373  0.005198         0
     98/99     2.39G   0.04332  0.004991         0   0.04831         2       256    0.8165    0.7176    0.8087    0.4033   0.08504   0.00522         0
     99/99     2.39G   0.04577  0.005011         0   0.05079         1       256    0.7601    0.7412    0.8052    0.4078   0.08527  0.005212         0
