      0/49     2.06G   0.07294  0.005557         0    0.0785        16       256    0.1639    0.2018   0.08118   0.01278    0.1071  0.006264         0
      1/49     2.42G   0.06401  0.006377         0   0.07038        17       256    0.1474    0.2018   0.09591   0.01646    0.0979  0.006467         0
      2/49     2.42G   0.06034  0.006809         0   0.06715        22       256    0.1661    0.4999    0.1369   0.02883   0.08763   0.00712         0
      3/49     2.42G   0.05561  0.007028         0   0.06263        16       256    0.3146    0.3947    0.2576   0.05764   0.08138   0.00703         0
      4/49     2.42G   0.05557  0.006656         0   0.06223        19       256    0.3611    0.3684    0.2355    0.0575   0.08429  0.006824         0
      5/49     2.42G   0.05708  0.006109         0   0.06319        17       256    0.4785    0.3772    0.3265   0.07793   0.08268   0.00658         0
      6/49     2.42G   0.05546  0.006024         0   0.06148        23       256    0.4067    0.5832    0.3609   0.07883   0.08281  0.006463         0
      7/49     2.42G   0.05918  0.006066         0   0.06525        19       256     0.376    0.5351    0.3218   0.08301   0.08727  0.005966         0
      8/49     2.42G   0.05245  0.006209         0   0.05866        19       256     0.433    0.4561    0.3504   0.06838     0.087  0.006533         0
      9/49     2.42G   0.04919  0.005828         0   0.05501        17       256    0.3839    0.5263    0.3915    0.1282   0.08369  0.006321         0
     10/49     2.42G   0.04814  0.005982         0   0.05413        21       256    0.6906    0.5702    0.5669    0.1609    0.0817   0.00608         0
     11/49     2.42G   0.04559  0.005617         0    0.0512        25       256    0.7289    0.6839    0.6108    0.2281   0.07826  0.006222         0
     12/49     2.42G    0.0455  0.005549         0   0.05105        10       256    0.6695    0.6579    0.5858    0.2066   0.07759   0.00642         0
     13/49     2.42G   0.04448   0.00572         0    0.0502        14       256    0.7364    0.2451    0.2966   0.08732   0.09655  0.005834         0
     14/49     2.42G   0.05628  0.005386         0   0.06166        22       256    0.3961    0.2544    0.2454   0.06589   0.09176  0.005909         0
     15/49     2.42G   0.05028  0.005712         0     0.056        20       256    0.6834    0.6667    0.5599    0.1934   0.08326  0.006123         0
     16/49     2.42G   0.04674  0.005265         0     0.052        13       256    0.7562    0.7632    0.6815     0.256   0.07757  0.006525         0
     17/49     2.42G   0.04364   0.00542         0   0.04906        15       256    0.7754    0.6664    0.6444    0.2158   0.08144  0.006035         0
     18/49     2.42G   0.03734     0.005         0   0.04234        17       256    0.7368    0.6667    0.5862    0.2134   0.08142  0.006311         0
     19/49     2.42G   0.04388  0.005347         0   0.04923        17       256     0.824    0.7804    0.7218    0.2617   0.08283  0.006141         0
     20/49     2.42G   0.04061  0.005366         0   0.04598        19       256    0.8154    0.7364    0.6987    0.2455   0.08044  0.006555         0
     21/49     2.42G   0.03945  0.005136         0   0.04459        15       256    0.8155    0.7368     0.659    0.2677   0.08105   0.00642         0
     22/49     2.42G   0.04571   0.00497         0   0.05068        19       256    0.8553    0.7807    0.7248    0.2495   0.07905  0.006497         0
     23/49     2.42G   0.03765  0.005184         0   0.04283        11       256    0.8396    0.7805    0.7284     0.301   0.07483   0.00658         0
     24/49     2.42G   0.04241  0.004897         0    0.0473        15       256    0.8396    0.7807    0.7121    0.2896   0.07404  0.006611         0
     25/49     2.42G   0.03798  0.005122         0    0.0431        18       256    0.8131    0.7632    0.7053    0.2478   0.07522  0.006709         0
     26/49     2.42G   0.02975  0.004617         0   0.03436        14       256    0.8095    0.7456    0.7035    0.2505   0.07763  0.006663         0
     27/49     2.42G   0.03565  0.004768         0   0.04042        17       256    0.8207    0.7629    0.6916     0.252   0.07573   0.00664         0
     28/49     2.42G   0.04253  0.004558         0   0.04708        22       256    0.7592    0.7191    0.6461    0.2227    0.0842  0.006782         0
     29/49     2.42G   0.03617  0.004717         0   0.04089        17       256    0.8038    0.7193    0.6888    0.1985   0.08206   0.00649         0
     30/49     2.42G   0.04073  0.004515         0   0.04525        15       256    0.8396    0.7807    0.7084    0.2763   0.07763  0.006443         0
     31/49     2.42G   0.03692  0.004636         0   0.04156        13       256    0.7889     0.754     0.712    0.2598   0.07699  0.006523         0
     32/49     2.42G   0.03671  0.004608         0   0.04132        17       256    0.8207    0.7629    0.6917    0.2507   0.07822   0.00658         0
     33/49     2.42G   0.03012  0.004606         0   0.03472        15       256    0.7809    0.7193    0.6724    0.2059   0.07884  0.006561         0
     34/49     2.42G   0.03673  0.004491         0   0.04122        19       256    0.8312    0.7368    0.7069    0.2826   0.07757  0.006561         0
     35/49     2.42G   0.03295  0.004485         0   0.03744        18       256    0.7885    0.7193    0.6816    0.2766   0.07613  0.006607         0
     36/49     2.42G   0.03325  0.004395         0   0.03764        14       256     0.787    0.7456     0.661    0.2644   0.07367  0.006676         0
     37/49     2.42G   0.03451   0.00431         0   0.03882        11       256    0.7593    0.7193    0.6206    0.2574   0.07347  0.006684         0
     38/49     2.42G   0.03268  0.004285         0   0.03697        20       256    0.7981    0.7632     0.708    0.2879   0.07371  0.006719         0
     39/49     2.42G   0.03523  0.004148         0   0.03938        13       256    0.8285    0.7628    0.7111    0.2968   0.07216  0.006785         0
     40/49     2.42G   0.03504  0.004102         0   0.03915        16       256    0.8251    0.7449    0.6888    0.2873   0.07257  0.006773         0
     41/49     2.42G   0.03601  0.003977         0   0.03998        14       256    0.8446    0.7628     0.716    0.2927   0.07223   0.00683         0
     42/49     2.42G   0.02912  0.004263         0   0.03339        17       256    0.8205    0.7632    0.7042    0.2816   0.07116  0.006891         0
     43/49     2.42G   0.04032  0.004067         0   0.04439        18       256    0.8206    0.7632    0.7037    0.2895   0.06946  0.006962         0
     44/49     2.42G   0.03006  0.004106         0   0.03417        23       256    0.8112    0.7544     0.691     0.277   0.06813  0.006984         0
     45/49     2.42G    0.0318  0.004029         0   0.03583        17       256    0.8302    0.7718    0.7091    0.2848   0.06764  0.006974         0
     46/49     2.42G    0.0263   0.00409         0   0.03039        24       256    0.8207    0.7631    0.6903    0.2893   0.06756  0.006978         0
     47/49     2.42G    0.0254  0.004149         0   0.02955        16       256    0.8219    0.7719    0.7003    0.2847   0.06773  0.007019         0
     48/49     2.42G    0.0317   0.00413         0   0.03583        21       256    0.8056    0.7632     0.684    0.2884   0.06795  0.007072         0
     49/49     2.42G   0.03121  0.003918         0   0.03513        23       256    0.8148    0.7719    0.6922    0.2895     0.069  0.007082         0
